  1.4884E+08  1.2333E+10  1.2567E+10  4.9163E+10  5.0137E+10  8.8400E+10
  1.3100E+11  1.6100E+11  2.0600E+11  2.4100E+11  2.9400E+11  3.1800E+11
  3.7800E+11  4.1000E+11  4.7400E+11  5.1600E+11  5.7700E+11  6.1200E+11
  6.8200E+11  7.5100E+11  8.5200E+11  9.7700E+11  1.1100E+12  1.2500E+12
  1.4400E+12  1.6700E+12  1.9000E+12  2.2300E+12  2.5800E+12  2.9100E+12
  3.3000E+12  3.7000E+12  4.1900E+12  4.7200E+12  5.3100E+12  2.1219E+12
  1.5718E+13  3.3369E+12  3.3210E+12  6.9600E+12  6.9256E+12  3.5558E+12
  3.5981E+12  3.6160E+12  3.6416E+12  7.3087E+12  7.5253E+12  7.3794E+12
  7.6453E+12  7.6455E+12  7.5510E+12  7.6146E+12  7.4913E+12  7.2253E+12
  6.7936E+12  6.4353E+12  6.2328E+12  6.0450E+12  5.9456E+12  2.0038E+12
  3.9279E+12  5.9909E+12  6.0044E+12  6.0822E+12  6.1984E+12  6.2851E+12
  6.2451E+12  6.4573E+12  1.3282E+13  1.4202E+13  1.4995E+13  7.9020E+12
  8.0878E+12  8.6063E+12  8.9189E+12  9.3565E+12  9.1893E+12  6.4832E+12
  1.6973E+12  1.6358E+12  3.1702E+12  6.5718E+12  9.7269E+12  9.4642E+12
  9.3837E+12  9.5424E+12  1.0286E+13  1.0530E+13  1.0148E+13  9.8520E+12
  9.7356E+12  1.0049E+13  1.0299E+13  9.4295E+12  1.1338E+13  1.0436E+13
  1.8519E+13  7.5600E+12  1.0882E+13  8.0809E+12  8.1632E+12  7.7333E+12
  7.6049E+12  8.4647E+12  8.5656E+12  8.7957E+12  8.3160E+12  6.7978E+12
  5.3881E+12  5.2233E+12  1.4549E+13  7.6256E+12  3.6265E+12  4.8165E+12
  7.9790E+12  5.9989E+12  7.4624E+11  2.6999E+11  5.0636E+11  9.8014E+11
  1.6826E+12  3.8401E+12  1.8710E+12  1.6251E+12  1.9780E+12  1.7431E+12
  1.3659E+12  1.7231E+12  2.3627E+12  1.5910E+12  1.6612E+12  1.1665E+12
  8.4382E+11  1.4980E+12  1.3962E+12  1.3510E+12  9.8259E+11  8.9474E+11
  1.7211E+12  1.5801E+12  4.2243E+11  5.8424E+10  8.3319E+11  6.2130E+11
  4.3349E+11  8.5850E+11  7.1567E+11  7.1466E+11  1.5162E+11  3.0459E+11
  3.9805E+11  4.2240E+11  3.6561E+11  3.8916E+11  4.7217E+11  3.5372E+11
  2.6621E+11  1.3892E+10  5.9481E+10  6.0532E+10  5.9469E+10  3.6911E+10
  1.1542E+10  2.9437E+10  1.4304E+10  8.6068E+10  1.2355E+11  8.9169E+10
  3.1682E+11  1.4626E+11  1.2634E+11  7.7252E+10  1.2323E+11  6.3451E+10
  7.8221E+10  6.4064E+10  6.8568E+10  5.6412E+10  5.8056E+10  6.4950E+10
  1.4371E+11  1.1739E+11  8.2542E+10  9.2375E+10  1.2847E+11  1.2796E+11
  1.2895E+11  7.3365E+10  1.3885E+11  1.3092E+11  8.6431E+10  8.6378E+10
  4.3185E+10  1.7259E+11  1.7240E+11  1.2697E+11  9.4944E+10  9.5219E+10
  7.3987E+10  6.7040E+10  4.3839E+10  5.5932E+10  5.5284E+10  3.8226E+10
  5.7791E+10  1.9879E+10  2.2089E+10  1.2633E+10  3.3149E+10  2.7706E+10
  3.1167E+10  3.2384E+10  1.9521E+10  5.1490E+10  5.1491E+10  1.5388E+10
  3.0349E+10  3.0480E+10  1.8847E+10  1.9052E+10  9.3892E+09  2.1843E+10
  2.1857E+10  8.0530E+09  6.3809E+09  1.0225E+10  1.1425E+10  1.6550E+10
  1.6563E+10  1.3245E+10  1.1949E+10  1.3274E+10  8.8213E+09  1.0114E+10
  1.0080E+10  3.4157E+09  9.3473E+09  4.2601E+09  2.9672E+09  8.4045E+09
  2.8108E+09  7.1659E+09  4.9463E+09  4.9200E+09  3.5496E+09  3.8318E+09
  4.8968E+09  1.8840E+09  3.3139E+09  1.2048E+09  3.8462E+09  3.9818E+09
  1.7815E+09  1.5155E+09  4.0692E+09  2.0016E+09  3.0648E+09  3.3873E+09
  1.4149E+09  1.1615E+09  2.7728E+09  2.4937E+09  1.5355E+09  1.1054E+09
  1.1987E+09  4.7693E+08  8.9996E+08  1.0009E+09  9.8510E+08  1.3317E+09
  5.7019E+08  9.9897E+08  1.2840E+09  4.6520E+08  1.0559E+09  1.0490E+09
  1.2421E+09  1.3973E+09  2.0406E+09  1.1326E+09  2.0650E+09  2.4636E+09
  8.1759E+08  4.6572E+08  8.4431E+08  5.3098E+08  8.0397E+08  5.3646E+08
  7.3973E+08  1.1498E+09  4.6053E+07  9.3106E+08  4.8146E+08  4.1384E+08
  3.6044E+08  9.5156E+07  5.5432E+08  5.8184E+08  5.7533E+08  6.0504E+08
  5.1568E+08  2.7919E+07  4.0065E+08  3.9080E+08  4.4326E+08  4.3470E+08
  3.1500E+08  9.3425E+07  1.2655E+08  6.4148E+07  6.4745E+07  2.3147E+08
  1.7018E+08  1.6738E+08  4.0697E+08  4.1313E+08  1.0805E+08  4.8562E+08
  6.5114E+08  1.8469E+08  1.4376E+08  2.3799E+08  2.5524E+07  4.2557E+08
  5.2623E+08  2.0820E+08  1.1712E+08  2.1523E+08  2.3074E+08  2.1980E+08
  2.6679E+08  2.4539E+08  3.1110E+08  3.4120E+08  3.6324E+08  3.1320E+08
  2.8626E+08  0.0000E+00  0.0000E+00  0.0000E+00  0.0000E+00  0.0000E+00
  0.0000E+00  0.0000E+00  0.0000E+00  0.0000E+00  0.0000E+00  0.0000E+00
  0.0000E+00  0.0000E+00  0.0000E+00
1.000
IFMIF test - 351 groups
