  8.2265E-03   3.3307E-02   7.2924E-02   8.0899E-02   7.6748E-02   7.7215E-02
  5.6086E-02   4.6945E-02   3.6347E-02   2.9565E-02   2.5294E-02   2.2551E-02
  2.0822E-02   1.9626E-02   1.8852E-02   1.6526E-02   1.6117E-02   1.5856E-02
  1.5403E-02   2.9715E-02   2.8708E-02   1.9893E-02   1.2765E-02   1.4518E-02
  1.2949E-02   1.2122E-02   1.8902E-02   4.5858E-03   5.6826E-03   5.2327E-03
  8.2625E-03   3.6142E-03   2.9664E-03   5.5598E-04   5.5110E-04   5.6185E-04
  5.8046E-04   5.8327E-04   5.7929E-04   5.9705E-04   5.6282E-04   1.0673E-03
  1.7044E-03   2.1683E-03   5.6683E-03   5.9253E-03   6.0991E-03   3.7747E-03
  2.6208E-03   1.9521E-03   2.2609E-03   4.0343E-03   4.5779E-03   8.5474E-03
  1.2217E-02   1.7340E-02   1.0821E-02   7.4707E-03   5.2343E-03   4.5966E-03
  4.4342E-03   3.6406E-03   2.3949E-03   2.1669E-03   1.8862E-03   1.5481E-03
  1.1509E-03   6.9377E-04   2.0512E-04
 1.000
 VVER440 WIMS69 B=  .20MWD/KG  T= 6.109E+00D
