  8.1893E-03   3.3338E-02   7.2940E-02   8.1047E-02   7.6943E-02   7.7228E-02
  5.6090E-02   4.6889E-02   3.6273E-02   2.9485E-02   2.5212E-02   2.2466E-02
  2.0733E-02   1.9533E-02   1.8755E-02   1.6433E-02   1.6021E-02   1.5754E-02
  1.5298E-02   2.9492E-02   2.8473E-02   1.9719E-02   1.2649E-02   1.4380E-02
  1.2821E-02   1.1999E-02   1.8710E-02   4.5349E-03   5.6189E-03   5.1720E-03
  8.1665E-03   3.5717E-03   2.9308E-03   5.4915E-04   5.4432E-04   5.5502E-04
  5.7352E-04   5.7630E-04   5.7231E-04   5.8982E-04   5.5601E-04   1.0544E-03
  1.6841E-03   2.1421E-03   5.5991E-03   5.8544E-03   6.0342E-03   3.7467E-03
  2.6117E-03   1.9520E-03   2.2663E-03   4.0512E-03   4.6090E-03   8.6457E-03
  1.2451E-02   1.7863E-02   1.1232E-02   7.7720E-03   5.4469E-03   4.7818E-03
  4.6104E-03   3.7832E-03   2.4876E-03   2.2498E-03   1.9578E-03   1.6067E-03
  1.1944E-03   7.2033E-04   2.1340E-04
 1.000
 VVER440 WIMS69 B=2E-4MWD/KG  T= 6.109E-06D
