  8.2507E-03   3.3355E-02   7.3044E-02   8.1000E-02   7.6830E-02   7.7350E-02
  5.6186E-02   4.7046E-02   3.6433E-02   2.9641E-02   2.5363E-02   2.2616E-02
  2.0885E-02   1.9689E-02   1.8915E-02   1.6583E-02   1.6175E-02   1.5915E-02
  1.5463E-02   2.9836E-02   2.8831E-02   1.9979E-02   1.2819E-02   1.4589E-02
  1.3013E-02   1.2160E-02   1.8948E-02   4.6059E-03   5.7055E-03   5.2575E-03
  8.2992E-03   3.6291E-03   2.9791E-03   5.5832E-04   5.5216E-04   5.6016E-04
  5.7624E-04   5.7997E-04   5.7856E-04   5.9798E-04   5.6436E-04   1.0707E-03
  1.7099E-03   2.1761E-03   5.6897E-03   5.9409E-03   6.0861E-03   3.7265E-03
  2.5502E-03   1.8772E-03   2.1652E-03   3.8903E-03   4.4515E-03   8.3582E-03
  1.1973E-02   1.6986E-02   1.0597E-02   7.3241E-03   5.1361E-03   4.5133E-03
  4.3561E-03   3.5782E-03   2.3547E-03   2.1311E-03   1.8556E-03   1.5236E-03
  1.1330E-03   6.8330E-04   2.0217E-04
 1.000
 VVER440 WIMS69 B= 1.00MWD/KG  T= 3.055E+01D
