  0.0000E+00  0.0000E+00  0.0000E+00  0.0000E+00  0.0000E+00  0.0000E+00
  0.0000E+00  0.0000E+00  0.0000E+00  0.0000E+00  0.0000E+00  0.0000E+00
  0.0000E+00  0.0000E+00  0.0000E+00  0.0000E+00  0.0000E+00  0.0000E+00
  0.0000E+00  0.0000E+00  0.0000E+00  0.0000E+00  0.0000E+00  0.0000E+00
  0.0000E+00  0.0000E+00  0.0000E+00  0.0000E+00  0.0000E+00  0.0000E+00
  0.0000E+00  0.0000E+00  0.0000E+00  0.0000E+00  0.0000E+00  0.0000E+00
  1.4884E+08  2.4900E+10  9.9300E+10  2.1940E+11  3.6700E+11  5.3500E+11
  6.9600E+11  8.8400E+11  1.0930E+12  1.2940E+12  1.6030E+12  2.0870E+12
  2.6900E+12  1.6700E+12  1.9000E+12  2.2300E+12  2.5800E+12  2.9100E+12
  3.3000E+12  3.7000E+12  4.1900E+12  4.7200E+12  5.3100E+12  1.1740E+12
  1.2040E+12  1.2882E+12  1.3016E+12  1.3152E+12  1.3291E+12  1.3433E+12
  1.3578E+12  1.3727E+12  1.3879E+12  1.4034E+12  1.4192E+12  1.4354E+12
  1.5319E+12  1.5908E+12  1.5847E+12  1.5808E+12  1.6328E+12  1.6957E+12
  1.7168E+12  1.7384E+12  1.7669E+12  1.7987E+12  1.8222E+12  1.8463E+12
  1.8887E+12  1.9267E+12  1.9740E+12  2.0086E+12  2.0530E+12  2.0880E+12
  2.1374E+12  2.1646E+12  2.1926E+12  2.2261E+12  2.2737E+12  2.3617E+12
  2.3919E+12  2.4258E+12  2.4628E+12  2.5042E+12  2.5517E+12  2.6437E+12
  2.6905E+12  2.7417E+12  2.8001E+12  2.8524E+12  2.8982E+12  2.9477E+12
  3.0061E+12  7.0090E+12  6.9080E+12  6.7002E+12  6.3581E+12  6.0420E+12
  5.8209E+12  5.6575E+12  5.5318E+12  5.4884E+12  5.4540E+12  5.5184E+12
  5.5309E+12  5.6091E+12  5.6985E+12  5.7908E+12  5.7658E+12  5.8814E+12
  6.0530E+12  6.1249E+12  6.3141E+12  6.5392E+12  6.6443E+12  6.9078E+12
  6.9466E+12  7.2548E+12  7.4694E+12  7.8950E+12  8.1576E+12  8.5165E+12
  8.5297E+12  8.7600E+12  9.0028E+12  8.9960E+12  8.8805E+12  8.7404E+12
  8.6977E+12  8.8212E+12  9.4862E+12  9.6708E+12  9.3341E+12  9.1810E+12
  9.0112E+12  9.1004E+12  9.3523E+12  9.1518E+12  9.4387E+12  1.0148E+13
  9.3483E+12  8.5658E+12  8.5485E+12  8.3087E+12  8.6052E+12  7.5679E+12
  7.5137E+12  7.2320E+12  7.0410E+12  7.4339E+12  7.8473E+12  7.9742E+12
  7.9702E+12  7.3755E+12  6.1080E+12  4.9603E+12  4.8170E+12  4.5396E+12
  4.4513E+12  4.4394E+12  3.8028E+12  3.5091E+12  3.4194E+12  3.8063E+12
  4.1784E+12  3.6749E+12  3.5208E+12  2.7677E+12  2.7677E+12  2.3500E+12
  1.5631E+12  1.7285E+12  1.7684E+12  1.7442E+12  1.5951E+12  1.6526E+12
  1.7356E+12  1.4932E+12  1.3320E+12  1.6818E+12  2.1258E+12  1.4644E+12
  1.5269E+12  1.1382E+12  8.2800E+11  1.2102E+12  1.3272E+12  1.2645E+12
  1.0879E+12  8.7280E+11  7.6955E+11  6.3366E+11  6.3367E+11  6.0430E+11
  5.8210E+11  5.8210E+11  4.3336E+11  9.7382E+11  4.8974E+11  4.8974E+11
  5.8274E+11  5.0241E+11  3.7631E+11  3.7631E+11  3.7631E+11  3.1637E+11
  2.8061E+11  3.0205E+11  3.0210E+11  2.9531E+11  2.7815E+11  2.7815E+11
  2.4356E+11  2.1736E+11  2.1736E+11  2.1736E+11  1.7582E+11  1.5387E+11
  9.5943E+10  9.5943E+10  5.9628E+10  1.7513E+11  4.6133E+11  3.8880E+11
  1.6286E+11  1.2588E+11  9.1826E+10  9.1734E+10  8.8450E+10  8.0131E+10
  8.0131E+10  8.0131E+10  8.0131E+10  8.0131E+10  7.2418E+10  7.1104E+10
  7.1103E+10  7.1105E+10  7.1104E+10  6.9653E+10  6.7699E+10  6.5784E+10
  6.0173E+10  6.0173E+10  6.0173E+10  3.9851E+10  3.9789E+10  3.9789E+10
  3.9789E+10  3.9789E+10  5.3291E+10  6.3551E+10  6.3551E+10  6.3551E+10
  6.3552E+10  6.2831E+10  5.8393E+10  5.8394E+10  5.8393E+10  5.8393E+10
  5.8393E+10  4.7656E+10  4.3289E+10  4.3289E+10  4.4542E+10  4.6052E+10
  4.5181E+10  4.2965E+10  4.2181E+10  3.5875E+10  3.5875E+10  3.2198E+10
  3.0623E+10  2.7918E+10  2.7170E+10  2.5221E+10  2.3901E+10  2.1808E+10
  1.8973E+10  1.8973E+10  1.8973E+10  1.8973E+10  1.8973E+10  1.4038E+10
  1.4018E+10  1.4018E+10  1.4018E+10  1.4018E+10  1.1007E+10  8.7128E+09
  8.7130E+09  8.7128E+09  8.7130E+09  8.6209E+09  8.0498E+09  8.0498E+09
  8.0498E+09  8.0498E+09  8.0498E+09  7.0557E+09  6.6499E+09  6.6499E+09
  6.6499E+09  6.6499E+09  6.4943E+09  6.0972E+09  6.0972E+09  6.0972E+09
  6.0972E+09  6.0972E+09  4.8563E+09  4.6420E+09  4.6420E+09  4.6420E+09
  4.6420E+09  4.3998E+09  4.0710E+09  4.0709E+09  4.0709E+09  4.0709E+09
  4.0709E+09  3.7226E+09  3.7210E+09  3.7210E+09  3.7210E+09  3.7210E+09
  3.3870E+09  3.1315E+09  3.1315E+09  3.1315E+09  3.1315E+09  3.0603E+09
  2.6157E+09  2.6157E+09  2.6157E+09  2.6158E+09  2.6157E+09  2.3414E+09
  2.2289E+09  2.2289E+09  2.2289E+09  2.2289E+09  2.2393E+09  2.2657E+09
  2.2657E+09  2.2657E+09  2.2657E+09  2.2657E+09  2.1088E+09  2.0815E+09
  2.0815E+09  2.0815E+09  2.0815E+09  1.9498E+09  1.7702E+09  1.7702E+09
  1.7702E+09  1.7702E+09  1.7702E+09  1.4001E+09  1.3981E+09  1.3981E+09
  1.3981E+09  1.3981E+09  1.4471E+09  1.4847E+09  1.4847E+09  1.4847E+09
  1.4847E+09  1.4384E+09  1.1476E+09  1.1476E+09  1.1476E+09  1.1476E+09
  1.1476E+09  8.3565E+08  7.0736E+08  7.0736E+08  7.0735E+08  7.0736E+08
  6.3207E+08  4.3841E+08  4.3841E+08  4.3841E+08  4.3841E+08  4.3841E+08
  5.1837E+08  5.3236E+08  5.3235E+08  5.3234E+08  5.3235E+08  6.0317E+08
  7.0000E+08  7.0000E+08  7.0000E+08  7.0000E+08  7.0000E+08  1.0533E+09
  1.0555E+09  1.0555E+09  1.0555E+09  1.0555E+09  1.0482E+09  1.0426E+09
  1.0426E+09  1.0426E+09  1.0426E+09  9.6718E+08  4.8999E+08  4.8999E+08
  4.8999E+08  4.8999E+08  4.8999E+08  3.1789E+08  2.4684E+08  2.4684E+08
  2.4684E+08  2.4684E+08  2.7306E+08  3.4078E+08  3.4078E+08  3.4078E+08
  3.4079E+08  3.4078E+08  4.0658E+08  4.1815E+08  4.1815E+08  4.1815E+08
  4.1815E+08  4.6943E+08  5.3973E+08  5.3973E+08  5.3973E+08  5.3973E+08
  5.3972E+08  3.7143E+08  3.7025E+08  3.7026E+08  3.7025E+08  3.7025E+08
  3.4219E+08  3.2052E+08  3.2053E+08  3.2052E+08  3.2052E+08  3.1277E+08
  2.6341E+08  2.6342E+08  2.6341E+08  2.6341E+08  2.6342E+08  1.3018E+08
  7.4973E+07  7.4972E+07  7.4973E+07  7.4972E+07  1.1359E+08  2.1368E+08
  2.1368E+08  2.1368E+08  2.1368E+08  2.1368E+08  1.1227E+08  9.4329E+07
  9.4329E+07  9.4329E+07  9.4329E+07  9.4329E+07  9.4329E+07  9.4329E+07
  9.4329E+07  9.4329E+07  9.4329E+07  9.4329E+07  9.4329E+07  9.4329E+07
  9.4329E+07  9.4329E+07  9.4328E+07  9.4329E+07  9.4329E+07  9.4329E+07
  9.4329E+07  9.4329E+07  9.4328E+07  9.4330E+07  9.4328E+07  9.4330E+07
  9.4329E+07  9.4328E+07  9.4330E+07  9.4328E+07  9.4309E+07  0.0000E+00
  0.0000E+00  0.0000E+00  0.0000E+00  0.0000E+00  0.0000E+00  0.0000E+00
  0.0000E+00  0.0000E+00  0.0000E+00  0.0000E+00  0.0000E+00  0.0000E+00
  0.0000E+00  0.0000E+00  0.0000E+00  0.0000E+00  0.0000E+00  0.0000E+00
  0.0000E+00  0.0000E+00  0.0000E+00  0.0000E+00  0.0000E+00  0.0000E+00
  0.0000E+00  0.0000E+00  0.0000E+00  0.0000E+00  0.0000E+00  0.0000E+00
  0.0000E+00  0.0000E+00  0.0000E+00  0.0000E+00  0.0000E+00  0.0000E+00
  0.0000E+00  0.0000E+00  0.0000E+00  0.0000E+00  0.0000E+00  0.0000E+00
  0.0000E+00  0.0000E+00  0.0000E+00  0.0000E+00  0.0000E+00  0.0000E+00
  0.0000E+00  0.0000E+00  0.0000E+00  0.0000E+00  0.0000E+00  0.0000E+00
  0.0000E+00  0.0000E+00  0.0000E+00  0.0000E+00  0.0000E+00  0.0000E+00
  0.0000E+00  0.0000E+00  0.0000E+00  0.0000E+00  0.0000E+00  0.0000E+00
  0.0000E+00  0.0000E+00  0.0000E+00  0.0000E+00  0.0000E+00  0.0000E+00
  0.0000E+00  0.0000E+00  0.0000E+00  0.0000E+00  0.0000E+00  0.0000E+00
  0.0000E+00  0.0000E+00  0.0000E+00  0.0000E+00  0.0000E+00  0.0000E+00
  0.0000E+00  0.0000E+00  0.0000E+00  0.0000E+00  0.0000E+00  0.0000E+00
  0.0000E+00  0.0000E+00  0.0000E+00  0.0000E+00  0.0000E+00  0.0000E+00
  0.0000E+00  0.0000E+00  0.0000E+00  0.0000E+00  0.0000E+00  0.0000E+00
  0.0000E+00  0.0000E+00  0.0000E+00  0.0000E+00  0.0000E+00  0.0000E+00
  0.0000E+00  0.0000E+00  0.0000E+00  0.0000E+00  0.0000E+00  0.0000E+00
  0.0000E+00  0.0000E+00  0.0000E+00  0.0000E+00  0.0000E+00  0.0000E+00
  0.0000E+00  0.0000E+00  0.0000E+00  0.0000E+00  0.0000E+00  0.0000E+00
  0.0000E+00  0.0000E+00  0.0000E+00  0.0000E+00  0.0000E+00  0.0000E+00
  0.0000E+00  0.0000E+00  0.0000E+00  0.0000E+00  0.0000E+00  0.0000E+00
  0.0000E+00  0.0000E+00  0.0000E+00  0.0000E+00  0.0000E+00  0.0000E+00
  0.0000E+00  0.0000E+00  0.0000E+00  0.0000E+00  0.0000E+00  0.0000E+00
  0.0000E+00  0.0000E+00  0.0000E+00  0.0000E+00  0.0000E+00  0.0000E+00
  0.0000E+00  0.0000E+00  0.0000E+00  0.0000E+00  0.0000E+00  0.0000E+00
  0.0000E+00  0.0000E+00  0.0000E+00  0.0000E+00  0.0000E+00  0.0000E+00
  0.0000E+00  0.0000E+00  0.0000E+00  0.0000E+00  0.0000E+00  0.0000E+00
  0.0000E+00  0.0000E+00  0.0000E+00  0.0000E+00  0.0000E+00  0.0000E+00
  0.0000E+00  0.0000E+00  0.0000E+00  0.0000E+00  0.0000E+00  0.0000E+00
  0.0000E+00  0.0000E+00  0.0000E+00  0.0000E+00  0.0000E+00  0.0000E+00
  0.0000E+00  0.0000E+00  0.0000E+00  0.0000E+00  0.0000E+00  0.0000E+00
  0.0000E+00
 1.000
IFMIF test - 351 groups                                                                             
