  0.0000E+00  0.0000E+00  0.0000E+00  0.0000E+00  0.0000E+00  0.0000E+00
  0.0000E+00  0.0000E+00  0.0000E+00  0.0000E+00  0.0000E+00  0.0000E+00
  0.0000E+00  0.0000E+00  0.0000E+00  0.0000E+00  0.0000E+00  0.0000E+00
  0.0000E+00  0.0000E+00  0.0000E+00  0.0000E+00  0.0000E+00  0.0000E+00
  0.0000E+00  0.0000E+00  0.0000E+00  0.0000E+00  0.0000E+00  0.0000E+00
  0.0000E+00  0.0000E+00  0.0000E+00  0.0000E+00  0.0000E+00  0.0000E+00
  0.0000E+00  0.0000E+00  0.0000E+00  0.0000E+00  0.0000E+00  0.0000E+00
  0.0000E+00  0.0000E+00  0.0000E+00  0.0000E+00  0.0000E+00  0.0000E+00
  0.0000E+00  0.0000E+00  0.0000E+00  0.0000E+00  0.0000E+00  0.0000E+00
  0.0000E+00  0.0000E+00  0.0000E+00  0.0000E+00  0.0000E+00  0.0000E+00
  0.0000E+00  0.0000E+00  0.0000E+00  0.0000E+00  0.0000E+00  0.0000E+00
  0.0000E+00  0.0000E+00  0.0000E+00  0.0000E+00  0.0000E+00  0.0000E+00
  0.0000E+00  0.0000E+00  0.0000E+00  0.0000E+00  0.0000E+00  0.0000E+00
  0.0000E+00  0.0000E+00  0.0000E+00  0.0000E+00  0.0000E+00  0.0000E+00
  0.0000E+00  0.0000E+00  0.0000E+00  0.0000E+00  0.0000E+00  0.0000E+00
  0.0000E+00  0.0000E+00  0.0000E+00  0.0000E+00  0.0000E+00  0.0000E+00
  0.0000E+00  0.0000E+00  0.0000E+00  0.0000E+00  0.0000E+00  0.0000E+00
  0.0000E+00  0.0000E+00  0.0000E+00  0.0000E+00  0.0000E+00  0.0000E+00
  0.0000E+00  0.0000E+00  0.0000E+00  0.0000E+00  0.0000E+00  0.0000E+00
  0.0000E+00  0.0000E+00  0.0000E+00  0.0000E+00  0.0000E+00  0.0000E+00
  0.0000E+00  0.0000E+00  0.0000E+00  0.0000E+00  0.0000E+00  0.0000E+00
  0.0000E+00  0.0000E+00  0.0000E+00  0.0000E+00  0.0000E+00  0.0000E+00
  0.0000E+00  0.0000E+00  0.0000E+00  0.0000E+00  0.0000E+00  0.0000E+00
  0.0000E+00  0.0000E+00  0.0000E+00  0.0000E+00  0.0000E+00  0.0000E+00
  0.0000E+00  0.0000E+00  0.0000E+00  0.0000E+00  2.9806E+08  7.2391E+08
  7.3338E+08  7.4309E+08  2.1367E+09  3.1298E+09  1.2641E+09  6.3931E+08
  6.0755E+07  3.0446E+07  2.1633E+07  1.8685E+07  1.5579E+07  1.5817E+07
  1.5557E+07  1.3784E+07  1.2367E+07  1.1450E+07  1.0447E+07  1.0622E+07
  1.0742E+07  1.0310E+07  1.0493E+07  1.0576E+07  1.0464E+07  1.0659E+07
  1.0251E+07  9.9709E+06  1.0168E+07  9.8400E+06  1.0043E+07  9.6131E+06
  9.6034E+06  9.5140E+06  9.5256E+06  9.5609E+06  9.6326E+06  9.7933E+06
  9.9844E+06  1.0309E+07  1.0606E+07  1.1109E+07  1.1444E+07  1.1814E+07
  1.1926E+07  1.2080E+07  1.1295E+07  1.1644E+07  1.2042E+07  1.2613E+07
  1.2699E+07  1.3005E+07  1.3392E+07  1.3802E+07  1.6120E+07  1.7379E+07
  1.6946E+07  1.6655E+07  1.6524E+07  1.6378E+07  1.6282E+07  1.6049E+07
  1.5992E+07  1.5509E+07  1.5913E+07  1.5703E+07  1.5805E+07  1.5969E+07
  1.5870E+07  1.5496E+07  1.5752E+07  1.5462E+07  1.5345E+07  1.5221E+07
  1.5058E+07  1.5038E+07  1.4791E+07  1.4432E+07  1.4674E+07  1.4410E+07
  1.4112E+07  1.4032E+07  1.3942E+07  1.3528E+07  1.3083E+07  1.2943E+07
  1.2732E+07  1.2627E+07  1.2572E+07  1.1951E+07  1.1605E+07  1.1273E+07
  1.0946E+07  1.0602E+07  1.0435E+07  1.0073E+07  9.7632E+06  9.5185E+06
  9.0599E+06  8.7307E+06  8.4720E+06  7.9211E+06  7.8528E+06  7.5365E+06
  7.2107E+06  7.1575E+06  6.6200E+06  6.3742E+06  6.2876E+06  6.0904E+06
  5.8599E+06  5.7245E+06  5.6026E+06  4.9952E+06  4.9954E+06  4.7386E+06
  4.5748E+06  4.4210E+06  4.3955E+06  4.0174E+06  3.6945E+06  3.5935E+06
  3.4553E+06  3.3012E+06  3.3808E+06  3.3080E+06  2.9941E+06  2.7714E+06
  2.3254E+06  2.4080E+06  2.3435E+06  2.5257E+06  2.5728E+06  2.4542E+06
  2.1719E+06  1.9595E+06  1.9494E+06  1.8557E+06  1.8526E+06  1.6555E+06
  1.5053E+06  1.5055E+06  1.6360E+06  1.6699E+06  1.6230E+06  1.6229E+06
  1.4397E+06  1.3369E+06  1.2339E+06  1.2343E+06  1.2342E+06  1.1798E+06
  1.1471E+06  1.0320E+06  1.0318E+06  1.0216E+06  9.9617E+05  9.9646E+05
  8.8618E+05  8.0306E+05  8.0289E+05  8.0289E+05  9.7763E+05  1.0183E+06
  9.4881E+05  9.4952E+05  8.8285E+05  8.1811E+05  7.9776E+05  7.8501E+05
  7.8308E+05  7.3066E+05  6.9354E+05  6.9293E+05  6.8314E+05  6.5809E+05
  6.5778E+05  6.5766E+05  6.5783E+05  6.5748E+05  5.7543E+05  5.6010E+05
  5.6031E+05  5.6122E+05  5.5996E+05  5.5646E+05  5.5147E+05  5.4129E+05
  5.0972E+05  5.1005E+05  5.1000E+05  4.7407E+05  4.7393E+05  4.7386E+05
  4.7392E+05  4.7391E+05  4.3422E+05  4.0397E+05  4.0385E+05  4.0396E+05
  4.0394E+05  4.0165E+05  3.8737E+05  3.8741E+05  3.8747E+05  3.8738E+05
  3.8737E+05  3.8995E+05  3.9083E+05  3.9093E+05  3.8711E+05  3.8261E+05
  3.6012E+05  3.0241E+05  3.0615E+05  3.3633E+05  3.3613E+05  3.1939E+05
  3.3177E+05  3.2186E+05  3.1783E+05  3.0929E+05  3.0352E+05  2.9063E+05
  2.7357E+05  2.7370E+05  2.7357E+05  2.7352E+05  2.7359E+05  2.3463E+05
  2.3485E+05  2.3438E+05  2.3447E+05  2.3485E+05  2.2143E+05  2.1179E+05
  2.1193E+05  2.1205E+05  2.1171E+05  2.0914E+05  1.9233E+05  1.9234E+05
  1.9234E+05  1.9231E+05  1.9233E+05  1.7839E+05  1.7274E+05  1.7272E+05
  1.7267E+05  1.7272E+05  1.6986E+05  1.6260E+05  1.6257E+05  1.6259E+05
  1.6261E+05  1.6258E+05  1.6340E+05  1.6359E+05  1.6354E+05  1.6358E+05
  1.6355E+05  1.5174E+05  1.3574E+05  1.3567E+05  1.3567E+05  1.3578E+05
  1.3570E+05  1.3547E+05  1.3556E+05  1.3560E+05  1.3546E+05  1.3553E+05
  1.3189E+05  1.2897E+05  1.2902E+05  1.2908E+05  1.2902E+05  1.2697E+05
  1.1436E+05  1.1430E+05  1.1448E+05  1.1425E+05  1.1430E+05  1.0535E+05
  1.0139E+05  1.0147E+05  1.0154E+05  1.0159E+05  9.5870E+04  8.1661E+04
  8.1654E+04  8.1662E+04  8.1657E+04  8.1644E+04  9.2949E+04  9.4908E+04
  9.4927E+04  9.4921E+04  9.4894E+04  8.6289E+04  7.4522E+04  7.4524E+04
  7.4511E+04  7.4520E+04  7.4530E+04  6.1546E+04  6.1474E+04  6.1493E+04
  6.1475E+04  6.1489E+04  5.6489E+04  5.2662E+04  5.2680E+04  5.2654E+04
  5.2656E+04  5.4234E+04  6.3841E+04  6.3811E+04  6.3851E+04  6.3868E+04
  6.3803E+04  5.7040E+04  5.4264E+04  5.4225E+04  5.4243E+04  5.4270E+04
  5.3570E+04  5.1825E+04  5.1838E+04  5.1810E+04  5.1894E+04  5.1790E+04
  4.8415E+04  4.7898E+04  4.7790E+04  4.7831E+04  4.7864E+04  4.5254E+04
  4.1583E+04  2.2616E+03  2.2673E+03  2.2729E+03  2.2788E+03  2.2844E+03
  2.2902E+03  2.2961E+03  2.3019E+03  2.3079E+03  2.3137E+03  2.3196E+03
  2.3257E+03  2.3316E+03  2.3377E+03  2.3437E+03  2.3498E+03  2.3560E+03
  2.3621E+03  2.3684E+03  2.3745E+03  2.3807E+03  2.3871E+03  2.3934E+03
  2.3998E+03  2.4061E+03  2.4125E+03  2.4191E+03  2.4255E+03  2.4321E+03
  2.4386E+03  2.4452E+03  2.4519E+03  2.4585E+03  2.4653E+03  2.4719E+03
  2.4787E+03  2.4856E+03  2.4924E+03  2.4994E+03  2.5062E+03  2.5132E+03
  2.5203E+03  2.5273E+03  2.5344E+03  2.5415E+03  2.5486E+03  2.5560E+03
  2.5631E+03  2.5705E+03  2.5777E+03  2.5851E+03  2.5926E+03  2.6000E+03
  2.6076E+03  2.6150E+03  2.6226E+03  2.6304E+03  2.6379E+03  2.6458E+03
  2.6534E+03  2.6612E+03  2.6692E+03  2.6770E+03  2.6851E+03  2.6930E+03
  2.7010E+03  2.7092E+03  2.5212E+03  2.4470E+03  2.4543E+03  2.4617E+03
  2.4693E+03  2.4768E+03  2.4844E+03  2.4920E+03  2.4997E+03  2.5075E+03
  2.5152E+03  2.5231E+03  2.5309E+03  2.5388E+03  2.5468E+03  2.5535E+03
  2.5611E+03  2.5692E+03  2.5774E+03  2.5856E+03  2.5939E+03  2.6022E+03
  2.6106E+03  2.6190E+03  2.6275E+03  2.6360E+03  2.6447E+03  2.6533E+03
  2.6620E+03  2.6708E+03  2.6796E+03  2.6885E+03  2.6975E+03  2.7065E+03
  2.7156E+03  2.7246E+03  2.7339E+03  2.7431E+03  2.7524E+03  2.7618E+03
  2.7712E+03  2.7808E+03  2.7903E+03  2.8000E+03  2.8097E+03  2.8194E+03
  2.8293E+03  2.8392E+03  2.8492E+03  2.8592E+03  2.8693E+03  2.8795E+03
  2.8898E+03  2.9002E+03  2.9106E+03  2.9210E+03  2.9316E+03  2.9423E+03
  2.9530E+03  2.9638E+03  2.9746E+03  2.9856E+03  2.9966E+03  3.0078E+03
  3.0190E+03  3.0302E+03  3.0416E+03  3.0531E+03  3.0887E+03  3.1634E+03
  3.1754E+03  3.1876E+03  3.1999E+03  3.2122E+03  3.2246E+03  3.2371E+03
  3.2498E+03  3.2625E+03  3.2753E+03  3.2882E+03  3.3281E+03  3.3848E+03
  3.3983E+03  3.4119E+03  3.4256E+03  3.4394E+03  3.4534E+03  3.4675E+03
  3.4817E+03  3.4960E+03  3.5103E+03  3.5249E+03  3.5396E+03  3.5543E+03
  3.5692E+03  3.5842E+03  3.5994E+03  3.6147E+03  3.6301E+03  3.6457E+03
  3.6613E+03  3.6772E+03  3.6931E+03  3.7091E+03  3.7254E+03  3.7417E+03
  3.7583E+03  3.7749E+03  3.7917E+03  3.8087E+03  3.8258E+03  3.8431E+03
  3.8605E+03  3.8782E+03  3.8960E+03  3.9138E+03  3.9319E+03  3.9502E+03
  3.9686E+03  3.9872E+03  4.0059E+03  4.0249E+03  4.0440E+03  4.1136E+03
  4.1376E+03  4.1574E+03  4.1777E+03  4.1980E+03  4.2185E+03  4.2392E+03
  4.2601E+03  4.2813E+03  4.4742E+03  4.6868E+03  4.7104E+03  4.7342E+03
  4.7584E+03  4.7827E+03  4.8073E+03  4.8322E+03  4.8572E+03  4.8826E+03
  4.9082E+03  4.9341E+03  4.9603E+03  4.9867E+03  5.0135E+03  5.0405E+03
  5.0679E+03  5.0955E+03  5.1233E+03  5.1516E+03  5.1802E+03  5.2090E+03
  5.2382E+03  5.2676E+03  5.2976E+03  5.3277E+03  5.3583E+03  5.3892E+03
  5.4203E+03  5.4520E+03  5.4840E+03  5.5164E+03  5.5491E+03  5.5821E+03
  5.6157E+03  5.6497E+03  5.6840E+03  5.7188E+03  5.7539E+03  5.7896E+03
  5.8257E+03  5.4145E+03  4.0488E+03  4.0745E+03  4.1005E+03  4.1269E+03
  4.1537E+03  4.1807E+03  4.1478E+03  3.4368E+03  3.4597E+03  3.4828E+03
  3.5062E+03  3.5300E+03  3.5541E+03  3.5786E+03  3.6033E+03  3.6284E+03
  3.6539E+03  3.6797E+03  3.7059E+03  3.7325E+03  3.7594E+03  3.7867E+03
  3.8145E+03  3.8426E+03  3.8712E+03  3.9002E+03  3.9297E+03  3.9595E+03
  3.9899E+03  4.0207E+03  4.0520E+03  4.0838E+03  4.2114E+03  4.3442E+03
  4.3791E+03  4.4145E+03  4.4506E+03  4.4872E+03  4.9446E+03  5.0928E+03
  5.1357E+03  5.1794E+03  5.2238E+03  5.2691E+03  5.3151E+03  5.3619E+03
  5.4096E+03  5.4581E+03  5.5075E+03  5.5578E+03  5.6090E+03  5.6612E+03
  5.7143E+03  5.7686E+03  5.8237E+03  5.8800E+03  5.9374E+03  5.9958E+03
  6.0555E+03  6.1162E+03  6.1783E+03  6.2417E+03  6.3063E+03  5.2204E+03
  5.2190E+03  5.2747E+03  5.3318E+03  5.2491E+03  5.2255E+03  5.2839E+03
  5.3436E+03  5.4047E+03  5.4671E+03  5.5311E+03  5.5965E+03  5.6635E+03
  5.7322E+03  5.8025E+03  5.8747E+03  5.9486E+03  6.0244E+03  6.1021E+03
  6.2426E+03  6.5441E+03  6.6320E+03  6.7222E+03  7.1310E+03  7.3163E+03
  7.4201E+03  7.5269E+03  7.6367E+03  7.7499E+03  7.8664E+03  7.9865E+03
  8.1103E+03  8.2381E+03  8.3699E+03  8.5060E+03  8.6466E+03  8.7920E+03
  8.9423E+03  7.5094E+03  7.2847E+03  7.4130E+03  7.5379E+03  7.6788E+03
  7.8250E+03  7.9768E+03  8.1348E+03  8.2992E+03  8.4704E+03  8.6489E+03
  8.8349E+03  8.3728E+03  8.5080E+03  8.2115E+03  8.3231E+03  8.5235E+03
  8.7340E+03  8.9552E+03  9.1878E+03  9.4328E+03  9.6646E+03  9.9075E+03
  9.8799E+03  1.0113E+04  1.0425E+04  1.0756E+04  1.1108E+04  1.1485E+04
  1.1888E+04  1.1542E+04  1.1379E+04  1.1534E+04  1.2005E+04  1.2516E+04
  1.3073E+04  1.4063E+04  1.4535E+04  1.4537E+04  1.4534E+04  1.4533E+04
  1.4538E+04  1.4107E+04  1.4035E+04  1.4032E+04  1.4032E+04  1.4037E+04
  1.4030E+04  1.4030E+04  1.4041E+04  1.4033E+04  1.4026E+04  1.4035E+04
  1.4039E+04  1.4025E+04  1.4032E+04  1.4038E+04  1.4028E+04  1.4033E+04
  1.4039E+04  1.4033E+04  1.4030E+04  1.4034E+04  1.4026E+04  1.4049E+04
  1.4021E+04  1.4027E+04  1.4050E+04  1.4018E+04  1.4030E+04  1.4040E+04
  1.4048E+04  1.4025E+04  1.1923E+04  1.1922E+04  1.1923E+04  1.1922E+04
  1.1920E+04  1.1922E+04  1.1921E+04  1.1924E+04  1.1923E+04  1.1920E+04
  1.1923E+04  1.1922E+04  1.1922E+04  1.1920E+04  1.1922E+04  1.1924E+04
  1.1921E+04  1.1921E+04  1.1924E+04  1.1921E+04  1.1923E+04  1.1921E+04
  1.1921E+04  1.1925E+04  1.1919E+04  1.1920E+04  1.1929E+04  1.1922E+04
  1.1916E+04  1.1924E+04  1.1927E+04  1.1915E+04  1.1921E+04  1.1926E+04
  1.1918E+04  1.1922E+04  1.1927E+04  1.1922E+04  1.1920E+04  1.1923E+04
  1.1916E+04  1.1936E+04  1.1912E+04  1.1917E+04  1.1937E+04  1.1909E+04
  1.1919E+04  1.1928E+04  1.1934E+04  1.1915E+04  0.0000E+00  0.0000E+00
  0.0000E+00  0.0000E+00  0.0000E+00  0.0000E+00  0.0000E+00  0.0000E+00
  0.0000E+00  0.0000E+00  0.0000E+00  0.0000E+00  0.0000E+00  0.0000E+00
  0.0000E+00  0.0000E+00  0.0000E+00  0.0000E+00  0.0000E+00  0.0000E+00
  0.0000E+00  0.0000E+00  0.0000E+00  0.0000E+00  0.0000E+00  0.0000E+00
  0.0000E+00  0.0000E+00  0.0000E+00  0.0000E+00  0.0000E+00  0.0000E+00
  0.0000E+00  0.0000E+00  0.0000E+00  0.0000E+00  0.0000E+00  0.0000E+00
  0.0000E+00  0.0000E+00  0.0000E+00  0.0000E+00  0.0000E+00  0.0000E+00
  0.0000E+00  0.0000E+00  0.0000E+00  0.0000E+00  0.0000E+00  0.0000E+00
  0.0000E+00  0.0000E+00  0.0000E+00  0.0000E+00  0.0000E+00  0.0000E+00
  0.0000E+00  0.0000E+00  0.0000E+00  0.0000E+00  0.0000E+00  0.0000E+00
  0.0000E+00  0.0000E+00  0.0000E+00  0.0000E+00  0.0000E+00  0.0000E+00
  0.0000E+00  0.0000E+00  0.0000E+00  0.0000E+00  0.0000E+00  0.0000E+00
  0.0000E+00  0.0000E+00  0.0000E+00  0.0000E+00  0.0000E+00  0.0000E+00
  0.0000E+00  0.0000E+00  0.0000E+00  0.0000E+00  0.0000E+00  0.0000E+00
  0.0000E+00  0.0000E+00  0.0000E+00  0.0000E+00  0.0000E+00  0.0000E+00
  0.0000E+00  0.0000E+00  0.0000E+00  0.0000E+00  0.0000E+00  0.0000E+00
  0.0000E+00  0.0000E+00  0.0000E+00  0.0000E+00  0.0000E+00  0.0000E+00
  0.0000E+00  0.0000E+00  0.0000E+00  0.0000E+00  0.0000E+00  0.0000E+00
  0.0000E+00  0.0000E+00  0.0000E+00  0.0000E+00  0.0000E+00  0.0000E+00
  0.0000E+00  0.0000E+00  0.0000E+00  0.0000E+00  0.0000E+00  0.0000E+00
  0.0000E+00  0.0000E+00  0.0000E+00  0.0000E+00  0.0000E+00  0.0000E+00
  0.0000E+00  0.0000E+00  0.0000E+00  0.0000E+00  0.0000E+00  0.0000E+00
  0.0000E+00  0.0000E+00  0.0000E+00  0.0000E+00  0.0000E+00  0.0000E+00
  0.0000E+00  0.0000E+00  0.0000E+00  0.0000E+00  0.0000E+00  0.0000E+00
  0.0000E+00  0.0000E+00  0.0000E+00  0.0000E+00
 1.000
Position #3 Normalization Factor 3.042e+11 TOT=1.11679E+10                                          
