  1.4884E+08  1.2333E+10  1.2567E+10  4.9163E+10  5.0137E+10  8.8400E+10
  1.3100E+11  1.6100E+11  2.0600E+11  2.4100E+11  2.9400E+11  3.1800E+11
  3.7800E+11  4.1000E+11  4.7400E+11  5.1600E+11  5.7700E+11  6.1200E+11
  6.8200E+11  7.5100E+11  8.5200E+11  9.7700E+11  1.1100E+12  1.2500E+12
  1.4400E+12  1.6700E+12  1.9000E+12  2.2300E+12  2.5800E+12  2.9100E+12
  3.3000E+12  3.7000E+12  4.1900E+12  4.7200E+12  5.3100E+12  2.1200E+12
  1.5700E+13  3.4000E+12  3.3000E+12  6.9100E+12  6.9700E+12  3.5400E+12
  3.5900E+12  3.6200E+12  3.6600E+12  7.2900E+12  3.7500E+12  3.7300E+12
  7.4500E+12  7.6000E+12  7.6300E+12  7.5900E+12  7.6100E+12  7.4900E+12
  7.2300E+12  6.7900E+12  6.4400E+12  6.2300E+12  6.0500E+12  5.9400E+12
  2.0000E+12  3.9300E+12  5.9900E+12  6.0000E+12  6.0900E+12  6.1900E+12
  6.3000E+12  6.2500E+12  6.4400E+12  1.3300E+13  1.4200E+13  1.5000E+13
  7.8700E+12  8.1100E+12  8.6000E+12  8.9000E+12  9.3500E+12  9.2200E+12
  6.4700E+12  1.6800E+12  1.6900E+12  3.1500E+12  6.5400E+12  9.7100E+12
  9.5100E+12  9.4300E+12  9.5100E+12  1.0300E+13  1.0500E+13  1.0100E+13
  9.9400E+12  9.7300E+12  9.9600E+12  1.0300E+13  9.5500E+12  1.1300E+13
  1.0400E+13  1.8600E+13  7.4700E+12  1.0900E+13  8.0700E+12  8.1800E+12
  7.7200E+12  7.6000E+12  8.4700E+12  8.5800E+12  8.7900E+12  8.3100E+12
  6.7900E+12  5.3900E+12  5.2300E+12  4.9100E+12  9.6400E+12  7.6200E+12
  3.6200E+12  4.8200E+12  7.9800E+12  6.0100E+12  7.4300E+11  2.6600E+11
  5.0600E+11  9.9000E+11  1.6700E+12  3.8400E+12  1.8800E+12  1.6200E+12
  1.9800E+12  1.7400E+12  1.3600E+12  1.7400E+12  2.3500E+12  1.5900E+12
  1.6600E+12  1.1800E+12  8.2800E+11  1.5100E+12  1.4000E+12  1.3500E+12
  9.7900E+11  8.9400E+11  1.7200E+12  1.5800E+12  4.2100E+11  8.9300E+11
  1.0500E+12  8.6300E+11  1.4300E+12  4.5700E+11  8.2000E+11  7.5500E+11
  8.2600E+11  2.6600E+11  2.3000E+11  5.5300E+10  2.1000E+11  5.5300E+11
  2.0400E+11  1.2200E+11  2.0500E+11  2.4900E+11  4.3500E+11  3.8600E+11
  1.4700E+11  1.9600E+11  2.1600E+11  3.4500E+11  3.1700E+11  1.4100E+11
  1.0000E+11  9.3300E+10  7.7900E+10  3.4700E+10  3.3000E+10  5.9000E+10
  5.1900E+10  1.0300E+11  7.6100E+10  4.7300E+10  4.3700E+10  3.6100E+10
  3.3100E+10  2.5200E+10  2.2100E+10  2.0200E+10  1.7000E+10  1.4200E+10
  1.2100E+10  1.2300E+10  1.1300E+10  9.6100E+09  7.5900E+09  8.0600E+09
  6.2300E+09  3.8400E+09  2.3800E+09  2.8900E+09  3.8000E+09  5.7300E+09
  5.6600E+09  2.6600E+09  1.3400E+09  1.8500E+09  2.2700E+09  2.9300E+09
  2.0100E+09  1.7400E+09  1.4300E+09  4.0700E+08  1.1600E+09  2.9100E+09
  0.0000E+00
1.000
IFMIF test - Vit-J
