  0.0000E+00  0.0000E+00  0.0000E+00  0.0000E+00  0.0000E+00  0.0000E+00
  0.0000E+00  0.0000E+00  0.0000E+00  0.0000E+00  0.0000E+00  0.0000E+00
  0.0000E+00  0.0000E+00  0.0000E+00  0.0000E+00  0.0000E+00  0.0000E+00
  0.0000E+00  0.0000E+00  0.0000E+00  0.0000E+00  0.0000E+00  0.0000E+00
  0.0000E+00  0.0000E+00  0.0000E+00  0.0000E+00  0.0000E+00  0.0000E+00
  0.0000E+00  0.0000E+00  0.0000E+00  0.0000E+00  0.0000E+00  0.0000E+00
  0.0000E+00  0.0000E+00  0.0000E+00  0.0000E+00  0.0000E+00  0.0000E+00
  0.0000E+00  0.0000E+00  0.0000E+00  0.0000E+00  0.0000E+00  0.0000E+00
  0.0000E+00  0.0000E+00  0.0000E+00  0.0000E+00  0.0000E+00  0.0000E+00
  0.0000E+00  0.0000E+00  0.0000E+00  0.0000E+00  0.0000E+00  0.0000E+00
  0.0000E+00  0.0000E+00  0.0000E+00  0.0000E+00  0.0000E+00  0.0000E+00
  0.0000E+00  0.0000E+00  0.0000E+00  0.0000E+00  0.0000E+00  0.0000E+00
  0.0000E+00  0.0000E+00  0.0000E+00  0.0000E+00  0.0000E+00  0.0000E+00
  0.0000E+00  0.0000E+00  0.0000E+00  0.0000E+00  0.0000E+00  0.0000E+00
  0.0000E+00  0.0000E+00  0.0000E+00  0.0000E+00  0.0000E+00  0.0000E+00
  0.0000E+00  0.0000E+00  0.0000E+00  0.0000E+00  0.0000E+00  0.0000E+00
  0.0000E+00  0.0000E+00  0.0000E+00  0.0000E+00  0.0000E+00  0.0000E+00
  0.0000E+00  0.0000E+00  0.0000E+00  0.0000E+00  0.0000E+00  0.0000E+00
  0.0000E+00  2.7799E-04  2.7799E-04  2.7799E-04  2.7799E-04  5.8355E-04
  7.4305E-04  7.4305E-04  7.4305E-04  9.9156E-04  1.5342E-03  1.5342E-03
  1.5342E-03  1.5342E-03  2.4564E-03  2.4839E-03  2.4839E-03  2.4839E-03
  2.8743E-03  3.1052E-03  3.1053E-03  3.1053E-03  3.3669E-03  4.0223E-03
  4.0223E-03  4.0223E-03  4.0223E-03  5.6653E-03  5.7664E-03  5.7664E-03
  5.7665E-03  5.7749E-03  5.7806E-03  5.7811E-03  5.7819E-03  5.5748E-03
  4.9754E-03  4.9754E-03  4.9754E-03  4.9754E-03  5.3104E-03  5.3421E-03
  5.3420E-03  5.3421E-03  4.9838E-03  4.7150E-03  4.7140E-03  4.7124E-03
  4.6617E-03  4.4882E-03  4.4882E-03  4.4861E-03  4.4861E-03  5.5138E-03
  5.6478E-03  5.6478E-03  5.6477E-03  5.6478E-03  5.6478E-03  5.6478E-03
  5.6478E-03  5.3118E-03  3.9576E-03  3.9576E-03  3.9577E-03  3.9577E-03
  3.9575E-03  3.9575E-03  3.9576E-03  3.9576E-03  3.8048E-03  3.6596E-03
  3.6596E-03  3.6596E-03  3.6597E-03  3.6596E-03  3.6596E-03  3.6605E-03
  3.6605E-03  3.0970E-03  2.9793E-03  2.9790E-03  2.9789E-03  2.9789E-03
  2.9790E-03  2.9789E-03  2.9789E-03  2.9030E-03  2.4424E-03  2.4424E-03
  2.4424E-03  2.4424E-03  2.4424E-03  2.4424E-03  2.4424E-03  2.4424E-03
  2.2866E-03  2.0995E-03  2.0994E-03  2.0990E-03  2.0990E-03  2.0990E-03
  2.0990E-03  2.0990E-03  2.0990E-03  1.9079E-03  1.8506E-03  1.8506E-03
  1.8506E-03  1.8506E-03  1.8507E-03  1.8507E-03  1.8507E-03  1.8345E-03
  1.6562E-03  1.6562E-03  1.6562E-03  1.6562E-03  1.6562E-03  1.6562E-03
  1.6562E-03  1.6562E-03  1.5995E-03  1.5138E-03  1.5138E-03  1.5138E-03
  1.5138E-03  1.5137E-03  1.5135E-03  1.5143E-03  1.5144E-03  1.4486E-03
  1.4220E-03  1.4220E-03  1.4220E-03  1.4220E-03  1.4220E-03  1.4220E-03
  1.4220E-03  1.4203E-03  1.3587E-03  1.3587E-03  1.3594E-03  1.3596E-03
  1.3595E-03  1.3596E-03  1.3596E-03  1.3595E-03  1.3449E-03  1.3165E-03
  1.3166E-03  1.3165E-03  1.3165E-03  1.3167E-03  1.3167E-03  1.3167E-03
  1.3167E-03  1.2997E-03  1.2906E-03  1.2906E-03  1.2906E-03  1.2906E-03
  1.2906E-03  1.2906E-03  1.2908E-03  1.2908E-03  1.2704E-03  1.2697E-03
  1.2697E-03  1.2697E-03  1.2697E-03  1.2697E-03  1.2697E-03  1.2697E-03
  1.2654E-03  1.2546E-03  1.2546E-03  1.2546E-03  1.2546E-03  1.2546E-03
  1.2546E-03  1.2546E-03  1.2546E-03  1.2466E-03  1.2412E-03  1.2412E-03
  1.2411E-03  1.2411E-03  1.2411E-03  1.2411E-03  1.2411E-03  1.2411E-03
  1.2263E-03  1.2248E-03  1.2248E-03  1.2248E-03  1.2248E-03  1.2247E-03
  1.2247E-03  1.2247E-03  1.2199E-03  1.2034E-03  1.2034E-03  1.2036E-03
  1.2036E-03  1.2036E-03  1.2036E-03  1.2036E-03  1.2036E-03  1.1946E-03
  1.1869E-03  1.1869E-03  1.1869E-03  1.1869E-03  1.1869E-03  1.1869E-03
  1.1869E-03  1.1869E-03  1.1766E-03  1.1748E-03  1.1748E-03  1.1748E-03
  1.1748E-03  1.1748E-03  1.1748E-03  1.1748E-03  1.1676E-03  1.1314E-03
  1.1314E-03  1.1314E-03  1.1314E-03  1.1314E-03  1.1314E-03  1.1314E-03
  1.1314E-03  1.1275E-03  1.1233E-03  1.1233E-03  1.1233E-03  1.1233E-03
  1.1233E-03  1.1233E-03  1.1228E-03  1.1224E-03  1.0875E-03  1.0786E-03
  1.0785E-03  1.0785E-03  1.0786E-03  1.0785E-03  1.0785E-03  1.0785E-03
  1.0777E-03  1.0710E-03  1.0711E-03  1.0711E-03  1.0711E-03  1.0710E-03
  1.0710E-03  1.0331E-03  1.0073E-03  1.0073E-03  1.0073E-03  1.0174E-03
  1.0475E-03  1.0476E-03  1.0476E-03  1.0472E-03  9.9784E-04  9.9288E-04
  9.9290E-04  9.9298E-04  9.4193E-04  9.0283E-04  9.0286E-04  9.0290E-04
  9.2484E-04  1.0013E-03  1.0013E-03  1.0008E-03  1.0008E-03  8.4991E-04
  8.2926E-04  8.4779E-04  8.5543E-04  8.5543E-04  8.7952E-04  9.0881E-04
  9.0881E-04  9.0881E-04  9.0932E-04  9.1355E-04  9.1355E-04  9.1356E-04
  9.1987E-04  9.2099E-04  9.2098E-04  9.2097E-04  9.2323E-04  9.2538E-04
  9.2540E-04  9.2504E-04  9.1737E-04  8.7906E-04  8.7906E-04  8.7904E-04
  8.7904E-04  6.6122E-04  6.1420E-04  6.1420E-04  6.1420E-04  6.7155E-04
  7.3383E-04  7.3383E-04  7.3389E-04  7.4633E-04  8.2438E-04  8.2438E-04
  8.2438E-04  8.2438E-04  8.3742E-04  8.4103E-04  8.4103E-04  8.4103E-04
  8.4149E-04  8.4154E-04  8.4150E-04  8.4150E-04  8.2851E-04  7.2045E-04
  7.2035E-04  7.2034E-04  8.3846E-04  9.0330E-04  8.9763E-04  8.9327E-04
  9.0579E-04  9.1397E-04  9.1638E-04  9.1891E-04  9.1980E-04  9.2113E-04
  8.5946E-04  9.6219E-04  9.1298E-04  8.8843E-04  8.6744E-04  8.1524E-04
  7.1576E-04  5.5199E-04  5.8343E-04  7.2526E-04  8.0493E-04  8.4032E-04
  8.6049E-04  8.6815E-04  8.8720E-04  8.8977E-04  8.9787E-04  9.0956E-04
  9.0955E-04  9.2473E-04  9.2868E-04  9.2867E-04  9.3583E-04  9.4023E-04
  9.4435E-04  9.5461E-04  9.5461E-04  9.6248E-04  9.6416E-04  9.6293E-04
  9.6215E-04  9.5910E-04  9.4717E-04  9.4717E-04  9.6728E-04  9.8707E-04
  1.0383E-03  1.1250E-03  1.1250E-03  1.2944E-03  1.3595E-03  1.3901E-03
  1.6123E-03  1.6123E-03  1.6122E-03  1.8194E-03  1.8639E-03  1.8639E-03
  1.9018E-03  2.0476E-03  2.0475E-03  2.0476E-03  2.0725E-03  2.1176E-03
  2.1176E-03  2.1162E-03  2.0782E-03  2.0781E-03  2.0782E-03  2.0787E-03
  1.9334E-03  1.9148E-03  1.9148E-03  1.9148E-03  1.8191E-03  1.6203E-03
  1.6203E-03  1.6057E-03  1.5723E-03  1.5723E-03  1.5111E-03  1.2155E-03
  1.2156E-03  1.2156E-03  1.1620E-03  1.1590E-03  1.1591E-03  1.1002E-03
  7.9678E-04  7.9678E-04  7.9678E-04  7.9678E-04  7.9679E-04  7.9678E-04
  7.9678E-04  5.0344E-04  4.5412E-04  4.5412E-04  4.5412E-04  4.5413E-04
  4.5413E-04  4.5413E-04  4.5414E-04  4.4392E-04  2.5579E-04  2.5579E-04
  2.5579E-04  2.5579E-04  2.5579E-04  2.5579E-04  1.6271E-04  1.4010E-04
  1.4010E-04  1.4010E-04  1.4010E-04  1.4010E-04  1.4010E-04  1.4010E-04
  1.4010E-04  5.6691E-05  5.6691E-05  5.6691E-05  5.6691E-05  5.6691E-05
  5.6691E-05  5.6691E-05  5.6691E-05  4.5882E-05  4.5222E-05  4.5222E-05
  4.5222E-05  4.5222E-05  4.5222E-05  4.5222E-05  1.9344E-05  1.7939E-05
  1.7939E-05  1.7939E-05  1.7939E-05  1.7939E-05  1.7939E-05  1.7939E-05
  1.7939E-05  1.7939E-05  1.7939E-05  1.0251E-05  8.9587E-06  8.9587E-06
  8.9588E-06  8.9587E-06  8.9587E-06  8.9587E-06  8.9588E-06  8.9587E-06
  8.9587E-06  8.9587E-06  8.9587E-06  8.9587E-06  8.9588E-06  8.9587E-06
  8.9587E-06  8.9588E-06  8.9587E-06  8.9588E-06  8.9587E-06  8.9586E-06
  8.9588E-06  8.9586E-06  8.9588E-06  9.2400E-12  0.0000E+00  0.0000E+00
  0.0000E+00  0.0000E+00  0.0000E+00  0.0000E+00  0.0000E+00  0.0000E+00
  0.0000E+00  0.0000E+00  0.0000E+00  0.0000E+00  0.0000E+00  0.0000E+00
  0.0000E+00  0.0000E+00  0.0000E+00  0.0000E+00  0.0000E+00  0.0000E+00
  0.0000E+00  0.0000E+00  0.0000E+00  0.0000E+00  0.0000E+00  0.0000E+00
  0.0000E+00  0.0000E+00  0.0000E+00  0.0000E+00  0.0000E+00  0.0000E+00
  0.0000E+00  0.0000E+00  0.0000E+00  0.0000E+00  0.0000E+00  0.0000E+00
  0.0000E+00  0.0000E+00  0.0000E+00  0.0000E+00  0.0000E+00  0.0000E+00
  0.0000E+00  0.0000E+00  0.0000E+00  0.0000E+00  0.0000E+00  0.0000E+00
  0.0000E+00  0.0000E+00  0.0000E+00  0.0000E+00  0.0000E+00  0.0000E+00
  0.0000E+00  0.0000E+00  0.0000E+00  0.0000E+00  0.0000E+00  0.0000E+00
  0.0000E+00  0.0000E+00  0.0000E+00  0.0000E+00  0.0000E+00  0.0000E+00
  0.0000E+00  0.0000E+00  0.0000E+00  0.0000E+00  0.0000E+00  0.0000E+00
  0.0000E+00  0.0000E+00  0.0000E+00  0.0000E+00  0.0000E+00  0.0000E+00
  0.0000E+00  0.0000E+00  0.0000E+00  0.0000E+00  0.0000E+00  0.0000E+00
  0.0000E+00  0.0000E+00  0.0000E+00  0.0000E+00  0.0000E+00  0.0000E+00
  0.0000E+00  0.0000E+00  0.0000E+00  0.0000E+00  0.0000E+00  0.0000E+00
  0.0000E+00
 1.000
PQY PALUEL 14000 MWD/Te XMAS TOT=3.25E+14                                                         
