 0.0000E+00 0.0000E+00 0.0000E+00 0.0000E+00 0.0000E+00 0.0000E+00 0.0000E+00
 3.1827E+12 5.2367E+10 4.3218E+10 1.2672E+11 5.4680E+10 3.1353E+10 3.2836E+10
 3.9855E+10 3.4098E+10 1.9552E+10 1.8803E+10 2.3609E+10 2.3249E+10 2.0593E+10
 2.7995E+10 3.5793E+10 9.4110E+09 2.6371E+10 4.2220E+10 4.6103E+10 4.2995E+10
 5.0031E+10 4.4142E+10 4.8253E+10 4.5144E+10 8.6420E+10 8.7592E+10 9.8901E+10
 4.7020E+10 5.2584E+10 5.3595E+10 5.7615E+10 5.9148E+10 6.8308E+10 5.7971E+10
 1.5410E+10 1.1705E+10 2.4622E+10 4.3377E+10 6.1038E+10 7.1104E+10 7.1961E+10
 8.0906E+10 6.8507E+10 6.3647E+10 8.3641E+10 7.6814E+10 7.7810E+10 7.8236E+10
 7.4405E+10 6.4158E+10 6.3441E+10 7.3544E+10 1.8528E+11 8.0923E+10 9.8639E+10
 6.6275E+10 5.6822E+10 5.0797E+10 7.1462E+10 8.4750E+10 8.8471E+10 7.3614E+10
 8.0532E+10 7.9238E+10 6.5157E+10 5.7521E+10 1.9148E+11 7.3250E+10 4.2248E+10
 4.1860E+10 7.7451E+10 6.4900E+10 5.5575E+09 1.7611E+09 3.7026E+09 9.4572E+09
 3.8796E+10 9.7880E+10 3.8364E+10 3.2750E+10 2.6473E+10 1.9659E+10 3.2087E+10
 3.8433E+10 3.2485E+10 2.6224E+10 1.5000E+10 1.2645E+10 1.2554E+10 2.1447E+10
 5.8873E+10 6.1442E+10 2.0147E+10 3.5823E+10 6.6597E+10 2.3463E+10 8.9342E+09
 4.4356E+08 1.2655E+10 3.6752E+10 3.3903E+10 5.7034E+10 6.0512E+10 5.0934E+10
 1.1237E+10 2.3187E+10 2.1399E+10 1.6910E+10 1.3161E+10 9.9134E+09 9.0224E+09
 2.7039E+09 8.0620E+09 1.6103E+09 9.4146E+09 1.4606E+10 1.7398E+10 1.1006E+10
 6.6631E+09 1.6915E+10 8.5753E+09 7.0528E+09 9.1281E+09 3.4200E+09 1.0825E+10
 4.1670E+09 4.7722E+09 2.7470E+09 7.2229E+09 5.6879E+09 6.5479E+09 4.2207E+09
 6.5909E+09 5.5672E+09 4.9644E+09 5.4280E+09 1.3984E+10 1.0318E+10 7.3556E+09
 8.3667E+09 1.2248E+10 1.2533E+10 1.2510E+10 7.7984E+09 1.6016E+10 1.5328E+10
 1.5570E+10 1.4535E+10 7.8566E+09 1.7993E+10 1.3738E+10 1.5071E+10 1.0844E+10
 1.1292E+10 1.1150E+10 9.9479E+09 6.1306E+09 7.7063E+09 8.1589E+09 5.7819E+09
 1.0731E+10 3.6366E+09 4.8969E+09 2.6171E+09 6.9397E+09 6.8673E+09 7.8272E+09
 8.7880E+09 5.4211E+09 1.7271E+10 1.7796E+10 6.9625E+09 1.3078E+10 1.3680E+10
 1.3390E+10 1.2585E+10 6.6025E+09 1.6228E+10 1.6461E+10 7.4389E+09 5.5344E+09
 8.9675E+09 1.0905E+10 1.5875E+10 1.5379E+10 1.6581E+10 1.4815E+10 1.8519E+10
 1.2442E+10 1.5534E+10 1.5445E+10 5.7617E+09 1.6742E+10 7.8474E+09 6.8706E+09
 1.8196E+10 5.9228E+09 1.8645E+10 1.2653E+10 1.1833E+10 8.7548E+09 8.8688E+09
 1.3022E+10 4.7635E+09 8.6104E+09 2.9975E+09 1.2272E+10 1.1542E+10 5.3925E+09
 5.7919E+09 1.4880E+10 7.4444E+09 1.0808E+10 1.1920E+10 4.6499E+09 5.0012E+09
 1.2072E+10 1.0961E+10 1.0882E+10 8.1500E+09 8.6148E+09 5.5072E+09 9.7170E+09
 1.1382E+10 8.9473E+09 1.2529E+10 5.8629E+09 7.1857E+09 9.3140E+09 3.2769E+09
 6.9901E+09 4.7406E+09 5.6951E+09 6.2981E+09 9.4463E+09 5.0657E+09 9.0607E+09
 1.0344E+10 7.9045E+09 4.6466E+09 7.4063E+09 4.6976E+09 1.4606E+10 9.6070E+09
 1.0110E+10 1.4879E+10 4.3834E+08 1.0121E+10 4.6364E+09 4.1182E+09 3.5902E+09
 8.4186E+08 4.3865E+09 4.4518E+09 4.3588E+09 4.6072E+09 4.2507E+09 3.1274E+08
 4.1753E+09 4.1591E+09 5.1137E+09 4.6742E+09 3.2486E+09 1.1340E+09 1.5289E+09
 8.6984E+08 9.2081E+08 3.6151E+09 2.0701E+09 2.0446E+09 5.1185E+09 5.1097E+09
 1.7959E+09 7.4343E+09 9.6110E+09 2.7364E+09 7.1123E+09 1.2447E+10 1.4876E+09
 7.5874E+09 8.8390E+09 3.3003E+09 4.3302E+09 8.4217E+09 8.6148E+09 8.8267E+09
 9.7302E+09 8.8064E+09 1.1765E+10 1.2705E+10 1.4139E+10 1.2221E+10 1.1215E+10
 4.3400E+09 2.1082E+10 1.8492E+10 1.6900E+10 1.1148E+10 3.8529E+08 1.8610E+09
 8.4150E+09 3.6958E+09 2.4372E+09 1.5500E+09 4.8429E+08 1.0498E+08 4.0458E+05
 1.00
 CHAMBRE FW. TRIPOLI 315 TOT=1.02816E+13
