1.00000E+07 8.18730E+06 6.70320E+06 5.48810E+06 4.49330E+06 3.67880E+06
3.01190E+06 2.46600E+06 2.01900E+06 1.65300E+06 1.35340E+06 1.10800E+06
9.07180E+05 6.08100E+05 4.07620E+05 2.73240E+05 1.83160E+05 1.22770E+05
8.22980E+04 5.51660E+04 3.69790E+04 2.47880E+04 1.66160E+04 1.11380E+04
7.46590E+03 5.00450E+03 3.35460E+03 2.24870E+03 1.50730E+03 1.01040E+03
6.77290E+02 4.54000E+02 3.04320E+02 2.04000E+02 1.36740E+02 9.16610E+01
6.79040E+01 5.55950E+01 4.55170E+01 3.72670E+01 3.05110E+01 2.49810E+01
2.04520E+01 1.67450E+01 1.37100E+01 1.12240E+01 9.18980E+00 7.52400E+00
6.16010E+00 5.04350E+00 4.12930E+00 3.38070E+00 2.76790E+00 2.36000E+00
2.13000E+00 2.02000E+00 1.93000E+00 1.84000E+00 1.75500E+00 1.67000E+00
1.59000E+00 1.51000E+00 1.44000E+00 1.37000E+00 1.30500E+00 1.23500E+00
1.17000E+00 1.11000E+00 1.07000E+00 1.03500E+00 9.86010E-01 9.30010E-01
8.60010E-01 7.90010E-01 7.05000E-01 6.25010E-01 5.40010E-01 4.85010E-01
4.33000E-01 3.91010E-01 3.52000E-01 3.14500E-01 2.82500E-01 2.48000E-01
2.20000E-01 1.89000E-01 1.60000E-01 1.34000E-01 1.15000E-01 9.50000E-02
7.70010E-02 5.90010E-02 4.30000E-02 3.00000E-02 2.00000E-02 1.50000E-02
1.00000E-02 5.50010E-03 3.00000E-03 1.00000E-05

1.20727e-03 3.22697e-03 6.66319e-03 1.07868e-02 1.34859e-02 1.74711e-02
2.50374e-02 2.51068e-02 2.16103e-02 2.31935e-02 2.04850e-02 1.94821e-02
4.90564e-02 3.43759e-02 3.17867e-02 2.58744e-02 2.12194e-02 1.82300e-02
1.60741e-02 1.43846e-02 1.31490e-02 1.23512e-02 1.18074e-02 1.14370e-02
1.12109e-02 1.10291e-02 1.08961e-02 1.07821e-02 1.06366e-02 1.04541e-02
1.03089e-02 1.02053e-02 9.82683e-03 9.75588e-03 9.36727e-03 6.97719e-03
4.37447e-03 4.54954e-03 4.31124e-03 3.92202e-03 4.34737e-03 3.60186e-03
3.94085e-03 3.96578e-03 4.00265e-03 4.01660e-03 3.81746e-03 2.66753e-03
3.18697e-03 3.57993e-03 3.65332e-03 3.65458e-03 2.49380e-03 2.01127e-03
1.02448e-03 8.93564e-04 9.47189e-04 9.40478e-04 9.90482e-04 9.80356e-04
1.03323e-03 9.44628e-04 9.89618e-04 9.51112e-04 1.05821e-03 1.00461e-03
8.71819e-04 4.60361e-04 3.77822e-04 6.35675e-04 9.88899e-04 1.42785e-03
1.60050e-03 2.19967e-03 2.37860e-03 2.94786e-03 2.19309e-03 2.35131e-03
2.13556e-03 2.19772e-03 2.31687e-03 2.26019e-03 3.18179e-03 3.53669e-03
5.31727e-03 6.74202e-03 7.88473e-03 7.03120e-03 8.62213e-03 8.73393e-03
9.36834e-03 8.35033e-03 6.22881e-03 3.99845e-03 1.59787e-03 1.23354e-03
7.35939e-04 2.36124e-04 2.13725e-04
1.00
PQY PALUEL 14000 MWD/Te XMAS TOT=7.5716E-1
