 2.7144E-02  7.9913E-02  1.6203E-01  1.5870E-01  1.5404E-01  1.7253E-01
 1.1633E-01  1.0170E-01  7.8400E-02  6.3915E-02  5.4108E-02  4.7914E-02
 4.4127E-02  4.1869E-02  3.9852E-02  3.5020E-02  3.4620E-02  3.3673E-02
 3.3279E-02  6.4985E-02  6.2384E-02  4.4808E-02  2.9394E-02  3.2069E-02
 2.9779E-02  2.7974E-02  4.1133E-02  1.0133E-02  1.2892E-02  1.1894E-02
 1.8801E-02  8.0883E-03  6.2970E-03  9.3680E-04  9.2595E-04  5.5211E-04
 5.7069E-04  5.6606E-04  8.6567E-04  8.9184E-04  1.0502E-03  2.1774E-03
 3.4769E-03  4.6761E-03  1.2286E-02  1.2628E-02  1.3111E-02  7.1670E-03
 5.1022E-03  3.3629E-03  3.8191E-03  6.9229E-03  1.0848E-02  2.0144E-02
 2.9699E-02  4.5002E-02  2.7834E-02  1.9564E-02  1.3811E-02  1.2161E-02
 1.1791E-02  9.6862E-03  6.3839E-03  5.8241E-03  5.0841E-03  4.1818E-03
 3.1470E-03  1.8933E-03  5.4953E-04
 1.00
 BEAVER VALLEY 16000 MWD/Te WIMS TOT=2.18849
