 UK-HEIR-0.1 P-INDUCED RESIDUAL YEILD FILE DEC 2017               1425 0  0    0
 14028.0000 27.9770000         -1          0         99          11425 1451    1
 0.0        0.0                 0          0          0          61425 1451    2
 .998620000 1.00000E+9          1          0      10010          11425 1451    3
 0.0        0.0                 1          0         34          31425 1451    4
 14-Si- 28 UKAEA      EVAL-DEC17 M.J.FLEMING                      1425 1451    5
                      DIST-DEC17                                  1425 1451    6
----UK-HEIR-0.1       MATERIAL 1425                               1425 1451    7
-----PROTON-INDUCED RESIDUAL PRODUCT YIELDS                       1425 1451    8
------ENDF-6 FORMAT                                               1425 1451    9
******************************************************************1425 1451   10
**  Residual data obtained with the GEANT4 code, version 10.1   **1425 1451   11
**  utilising the INCL++/ABLA in-built physics models           **1425 1451   12
**  See http://geant4.cern.ch/ for more information             **1425 1451   13
**                                                              **1425 1451   14
**  Compiled as ENDF-6 file by Michael Fleming of UKAEA         **1425 1451   15
******************************************************************1425 1451   16
                                                                  1425 1451   17
 The authors and the United Kingdom Atomic Energy Authority       1425 1451   18
 cannot accept responsibility for loss occasioned to any          1425 1451   19
 person for the use of, or reliance upon, the information         1425 1451   20
 contained in the data or its completeness or accuracy.           1425 1451   21
                                                                  1425 1451   22
 References:                                                      1425 1451   23
 - A. Boudard, J. Cugnon, J.-C. David, S. Leray, D. Mancusi       1425 1451   24
     Phys. Rev. C 87 (2013) 014606                                1425 1451   25
     https://arxiv.org/abs/1210.3498                              1425 1451   26
 - A. Kelic, M. V. Ricciardi, K.-H. Schmidt                       1425 1451   27
     Joint ICTP-IAEA Advanced Workshop on Model Codes for         1425 1451   28
     Spallation Reactions INDC(NDC)-0530 (2008) 181               1425 1451   29
     https://arxiv.org/abs/0906.4193                              1425 1451   30
 - A. Heikkinen, P. Kaitaniemi, A. Boudard                        1425 1451   31
     J. Phys. Conf. Ser. 119, 032024 (2008)                       1425 1451   32
     http://dx.doi.org/10.1088/1742-6596/119/3/032024             1425 1451   33
                                                                  1425 1451   34
 ***************** Program GROUPIE (VERSION 2017-1)***************1425 1451   35
 Unshielded Group Averages Using   162 Groups                     1425 1451   36
 Weighting Spectrum: 1/E Spectrum                                 1425 1451   37
 **************** Program DICTIN (VERSION 2017-1) ****************1425 1451   38
                                1        451         41          01425 1451   39
                                3          5         16          11425 1451   40
                               10          5       1134          11425 1451   41
                                                                  1425 1  099999
                                                                  1425 0  0    0
 14028.0000 27.9770000          0          0          0          01425 3  5    1
 0.0        0.0                 0          0          1         371425 3  5    2
         37          1                                            1425 3  5    3
 30000000.0 2.00990826 35000000.0 1.97154732 40000000.0 1.909047751425 3  5    4
 45000000.0 1.87884550 50000000.0 1.86020847 54000000.0 1.824373091425 3  5    5
 55000000.0 1.77693653 60000000.0 1.76361936 70000000.0 1.796466571425 3  5    6
 80000000.0 1.80319210 90000000.0 1.80310530 100000000. 1.830007011425 3  5    7
 120000000. 1.90603919 140000000. 1.98725684 160000000. 2.054826881425 3  5    8
 180000000. 2.10621028 200000000. 2.16584875 240000000. 2.226178741425 3  5    9
 280000000. 2.26973711 320000000. 2.33721688 360000000. 2.429081811425 3  5   10
 400000000. 2.53588834 440000000. 2.65190102 480000000. 2.769661001425 3  5   11
 520000000. 2.88747628 560000000. 3.00126647 600000000. 3.099586971425 3  5   12
 640000000. 3.18447767 680000000. 3.25903898 720000000. 3.319054011425 3  5   13
 760000000. 3.36984954 800000000. 3.41551948 840000000. 3.458737191425 3  5   14
 880000000. 3.49841183 920000000. 3.53333474 960000000. 3.565541481425 3  5   15
 1.00000E+9 0.0                                                   1425 3  5   16
                                                                  1425 3  099999
                                                                  1425 0  0    0
 14028.0000 27.9770000          0          0         98          0142510  5    1
 0.0        0.0                 1          0          1         37142510  5    2
         37          1                                            142510  5    3
 30000000.0 .195281318 35000000.0 .245000397 40000000.0 .270613604142510  5    4
 45000000.0 .287387237 50000000.0 .299229992 54000000.0 .300810000142510  5    5
 55000000.0 .299612618 60000000.0 .312682994 70000000.0 .337497959142510  5    6
 80000000.0 .355209665 90000000.0 .367706254 100000000. .387458363142510  5    7
 120000000. .419385740 140000000. .449847413 160000000. .475612138142510  5    8
 180000000. .496404622 200000000. .521151941 240000000. .547735231142510  5    9
 280000000. .569911459 320000000. .599141845 360000000. .636255707142510  5   10
 400000000. .678893591 440000000. .725100263 480000000. .772377198142510  5   11
 520000000. .819976683 560000000. .866399688 600000000. .907640590142510  5   12
 640000000. .944475308 680000000. .977440541 720000000. 1.00558844142510  5   13
 760000000. 1.03050255 800000000. 1.05281137 840000000. 1.07402014142510  5   14
 880000000. 1.09363110 920000000. 1.11124113 960000000. 1.12754557142510  5   15
 1.00000E+9 0.0                                                   142510  5   16
 0.0        0.0              1001          0          1         37142510  5   17
         37          1                                            142510  5   18
 30000000.0 .975150187 35000000.0 .934358227 40000000.0 .896441164142510  5   19
 45000000.0 .877570493 50000000.0 .866423340 54000000.0 .848805841142510  5   20
 55000000.0 .825485799 60000000.0 .815268040 70000000.0 .824790920142510  5   21
 80000000.0 .823251967 90000000.0 .820286526 100000000. .829705526142510  5   22
 120000000. .861384345 140000000. .896227594 160000000. .925842096142510  5   23
 180000000. .948724099 200000000. .976406872 240000000. 1.00591756142510  5   24
 280000000. 1.02723969 320000000. 1.05743496 360000000. 1.09693306142510  5   25
 400000000. 1.14142517 440000000. 1.18855925 480000000. 1.23543853142510  5   26
 520000000. 1.28196409 560000000. 1.32699877 600000000. 1.36552146142510  5   27
 640000000. 1.39858380 680000000. 1.42772950 720000000. 1.45050899142510  5   28
 760000000. 1.46962306 800000000. 1.48718048 840000000. 1.50408526142510  5   29
 880000000. 1.51969629 920000000. 1.53320567 960000000. 1.54540952142510  5   30
 1.00000E+9 0.0                                                   142510  5   31
 0.0        0.0              1002          0          1         37142510  5   32
         37          1                                            142510  5   33
 30000000.0 .014354110 35000000.0 .018552885 40000000.0 .022046382142510  5   34
 45000000.0 .025745219 50000000.0 .028879597 54000000.0 .030156829142510  5   35
 55000000.0 .031182153 60000000.0 .034445822 70000000.0 .040480995142510  5   36
 80000000.0 .046774676 90000000.0 .051431782 100000000. .057057019142510  5   37
 120000000. .064316475 140000000. .070410775 160000000. .075114884142510  5   38
 180000000. .078526246 200000000. .082253957 240000000. .085201470142510  5   39
 280000000. .086360647 320000000. .088088453 360000000. .090801662142510  5   40
 400000000. .094784105 440000000. .099395925 480000000. .104498251142510  5   41
 520000000. .109729495 560000000. .114202062 600000000. .117837414142510  5   42
 640000000. .120915451 680000000. .123459522 720000000. .125407386142510  5   43
 760000000. .126899486 800000000. .128045934 840000000. .129075891142510  5   44
 880000000. .130061629 920000000. .130917163 960000000. .132000340142510  5   45
 1.00000E+9 0.0                                                   142510  5   46
 0.0        0.0              1003          0          1         37142510  5   47
         37          1                                            142510  5   48
 30000000.0 1.50546E-4 35000000.0 3.76459E-4 40000000.0 6.56463E-4142510  5   49
 45000000.0 9.94878E-4 50000000.0 .001330183 54000000.0 .001512980142510  5   50
 55000000.0 .001715699 60000000.0 .002303436 70000000.0 .003174093142510  5   51
 80000000.0 .004000383 90000000.0 .004682780 100000000. .005465276142510  5   52
 120000000. .006414164 140000000. .007097734 160000000. .007551963142510  5   53
 180000000. .007937238 200000000. .008239536 240000000. .008433490142510  5   54
 280000000. .008473049 320000000. .008637230 360000000. .008956909142510  5   55
 400000000. .009367356 440000000. .009908578 480000000. .010483932142510  5   56
 520000000. .011043863 560000000. .011575309 600000000. .011958387142510  5   57
 640000000. .012328787 680000000. .012715885 720000000. .012958865142510  5   58
 760000000. .013138051 800000000. .013336805 840000000. .013527667142510  5   59
 880000000. .013656363 920000000. .013825411 960000000. .013900558142510  5   60
 1.00000E+9 0.0                                                   142510  5   61
 0.0        0.0              2003          0          1         37142510  5   62
         37          1                                            142510  5   63
 30000000.0 6.73184E-4 35000000.0 .001330618 40000000.0 .002031243142510  5   64
 45000000.0 .002771495 50000000.0 .003408511 54000000.0 .003710759142510  5   65
 55000000.0 .004033917 60000000.0 .005020124 70000000.0 .006451968142510  5   66
 80000000.0 .007700406 90000000.0 .008667437 100000000. .009658309142510  5   67
 120000000. .010763902 140000000. .011552948 160000000. .012093250142510  5   68
 180000000. .012498630 200000000. .012750416 240000000. .012762389142510  5   69
 280000000. .012588824 320000000. .012622116 360000000. .012754386142510  5   70
 400000000. .012957792 440000000. .013265028 480000000. .013624999142510  5   71
 520000000. .014168554 560000000. .014621988 600000000. .014876677142510  5   72
 640000000. .015126717 680000000. .015366924 720000000. .015561270142510  5   73
 760000000. .015632094 800000000. .015721179 840000000. .015855744142510  5   74
 880000000. .015958978 920000000. .016097021 960000000. .016214163142510  5   75
 1.00000E+9 0.0                                                   142510  5   76
 0.0        0.0              2004          0          1         37142510  5   77
         37          1                                            142510  5   78
 30000000.0 .111153386 35000000.0 .108788472 40000000.0 .106744332142510  5   79
 45000000.0 .106688058 50000000.0 .106648274 54000000.0 .105290948142510  5   80
 55000000.0 .104561163 60000000.0 .111174322 70000000.0 .116380282142510  5   81
 80000000.0 .113025902 90000000.0 .111522462 100000000. .113276515142510  5   82
 120000000. .119399842 140000000. .126548359 160000000. .132918374142510  5   83
 180000000. .137898222 200000000. .142421027 240000000. .146619431142510  5   84
 280000000. .150205719 320000000. .156156206 360000000. .164509239142510  5   85
 400000000. .174154872 440000000. .184739670 480000000. .195589303142510  5   86
 520000000. .205908126 560000000. .215492512 600000000. .224057085142510  5   87
 640000000. .231267568 680000000. .237308089 720000000. .242498735142510  5   88
 760000000. .246719143 800000000. .250380323 840000000. .253673487142510  5   89
 880000000. .256639036 920000000. .259376098 960000000. .262164557142510  5   90
 1.00000E+9 0.0                                                   142510  5   91
 0.0        0.0              2005          0          1         15142510  5   92
         15          1                                            142510  5   93
 440000000. 6.49182E-6 480000000. 7.26001E-6 520000000. 8.28707E-6142510  5   94
 560000000. 7.98176E-6 600000000. 9.46789E-6 640000000. 1.02857E-5142510  5   95
 680000000. 9.65556E-6 720000000. 1.27705E-5 760000000. 1.59152E-5142510  5   96
 800000000. 1.52620E-5 840000000. 1.71804E-5 880000000. 2.08281E-5142510  5   97
 920000000. 2.18098E-5 960000000. 2.35059E-5 1.00000E+9 0.0       142510  5   98
 0.0        0.0              2006          0          1         27142510  5   99
         27          1                                            142510  5  100
 90000000.0 8.87870E-6 100000000. 2.67274E-5 120000000. 5.46179E-5142510  5  101
 140000000. 7.71395E-5 160000000. 1.01719E-4 180000000. 1.23325E-4142510  5  102
 200000000. 1.35721E-4 240000000. 1.35151E-4 280000000. 1.37688E-4142510  5  103
 320000000. 1.46665E-4 360000000. 1.51210E-4 400000000. 1.47336E-4142510  5  104
 440000000. 1.50536E-4 480000000. 1.65511E-4 520000000. 1.77375E-4142510  5  105
 560000000. 1.90833E-4 600000000. 1.93299E-4 640000000. 1.93895E-4142510  5  106
 680000000. 1.89938E-4 720000000. 1.89657E-4 760000000. 1.92721E-4142510  5  107
 800000000. 1.96811E-4 840000000. 1.95011E-4 880000000. 1.90792E-4142510  5  108
 920000000. 1.95841E-4 960000000. 1.98645E-4 1.00000E+9 0.0       142510  5  109
 0.0        0.0              2008          0          1         22142510  5  110
         22          1                                            142510  5  111
 180000000. 5.88529E-6 200000000. 1.31342E-5 240000000. 1.82387E-5142510  5  112
 280000000. 1.60196E-5 320000000. 1.35101E-5 360000000. 1.54952E-5142510  5  113
 400000000. 1.42873E-5 440000000. 1.33979E-5 480000000. 1.49748E-5142510  5  114
 520000000. 1.74578E-5 560000000. 2.07510E-5 600000000. 2.21834E-5142510  5  115
 640000000. 2.29032E-5 680000000. 2.16733E-5 720000000. 2.06151E-5142510  5  116
 760000000. 2.01896E-5 800000000. 2.09752E-5 840000000. 2.22083E-5142510  5  117
 880000000. 2.27527E-5 920000000. 1.82413E-5 960000000. 1.72591E-5142510  5  118
 1.00000E+9 0.0                                                   142510  5  119
 0.0        0.0              3006          0          1         30142510  5  120
         30          1                                            142510  5  121
 60000000.0 5.42211E-6 70000000.0 1.58405E-5 80000000.0 3.57931E-5142510  5  122
 90000000.0 6.85650E-5 100000000. 1.25957E-4 120000000. 2.06988E-4142510  5  123
 140000000. 2.76548E-4 160000000. 3.21388E-4 180000000. 3.64569E-4142510  5  124
 200000000. 4.40489E-4 240000000. 5.24040E-4 280000000. 6.18344E-4142510  5  125
 320000000. 7.72779E-4 360000000. 9.59169E-4 400000000. .001168947142510  5  126
 440000000. .001437052 480000000. .001742052 520000000. .002057997142510  5  127
 560000000. .002398546 600000000. .002753655 640000000. .003092952142510  5  128
 680000000. .003365763 720000000. .003670923 760000000. .003934495142510  5  129
 800000000. .004179626 840000000. .004431214 880000000. .004708301142510  5  130
 920000000. .004963782 960000000. .005160958 1.00000E+9 0.0       142510  5  131
 0.0        0.0              3007          0          1         27142510  5  132
         27          1                                            142510  5  133
 90000000.0 6.94271E-6 100000000. 2.08659E-5 120000000. 5.66882E-5142510  5  134
 140000000. 9.71824E-5 160000000. 1.15787E-4 180000000. 1.42001E-4142510  5  135
 200000000. 2.01707E-4 240000000. 2.48758E-4 280000000. 2.92448E-4142510  5  136
 320000000. 3.51897E-4 360000000. 4.38411E-4 400000000. 5.48040E-4142510  5  137
 440000000. 6.52754E-4 480000000. 7.68763E-4 520000000. 9.07385E-4142510  5  138
 560000000. .001042745 600000000. .001152069 640000000. .001254017142510  5  139
 680000000. .001383024 720000000. .001522331 760000000. .001623826142510  5  140
 800000000. .001721462 840000000. .001817177 880000000. .001875479142510  5  141
 920000000. .001967113 960000000. .002040817 1.00000E+9 0.0       142510  5  142
 0.0        0.0              3008          0          1         24142510  5  143
         24          1                                            142510  5  144
 140000000. 1.68597E-5 160000000. 3.62949E-5 180000000. 6.42770E-5142510  5  145
 200000000. 8.11853E-5 240000000. 8.31742E-5 280000000. 8.19623E-5142510  5  146
 320000000. 7.91635E-5 360000000. 7.82525E-5 400000000. 7.76830E-5142510  5  147
 440000000. 7.20900E-5 480000000. 7.50198E-5 520000000. 8.66744E-5142510  5  148
 560000000. 9.55208E-5 600000000. 1.02877E-4 640000000. 1.08613E-4142510  5  149
 680000000. 1.13553E-4 720000000. 1.14627E-4 760000000. 1.06978E-4142510  5  150
 800000000. 1.10746E-4 840000000. 1.19239E-4 880000000. 1.10650E-4142510  5  151
 920000000. 1.08804E-4 960000000. 1.18966E-4 1.00000E+9 0.0       142510  5  152
 0.0        0.0              4007          0          1         28142510  5  153
         28          1                                            142510  5  154
 80000000.0 6.85737E-6 90000000.0 1.62754E-5 100000000. 4.16456E-5142510  5  155
 120000000. 9.07291E-5 140000000. 1.37724E-4 160000000. 1.81217E-4142510  5  156
 180000000. 2.09169E-4 200000000. 2.27209E-4 240000000. 2.63922E-4142510  5  157
 280000000. 2.94708E-4 320000000. 3.20670E-4 360000000. 3.70138E-4142510  5  158
 400000000. 4.41921E-4 440000000. 5.40640E-4 480000000. 6.39003E-4142510  5  159
 520000000. 7.13323E-4 560000000. 7.70140E-4 600000000. 8.48231E-4142510  5  160
 640000000. 9.55939E-4 680000000. .001049626 720000000. .001105848142510  5  161
 760000000. .001172028 800000000. .001259291 840000000. .001325781142510  5  162
 880000000. .001389386 920000000. .001422670 960000000. .001468515142510  5  163
 1.00000E+9 0.0                                                   142510  5  164
 0.0        0.0              4008          0          1         28142510  5  165
         28          1                                            142510  5  166
 80000000.0 1.49628E-5 90000000.0 3.84196E-5 100000000. 5.87631E-5142510  5  167
 120000000. 1.14865E-4 140000000. 2.46964E-4 160000000. 4.25127E-4142510  5  168
 180000000. 6.26445E-4 200000000. 8.77631E-4 240000000. .001178999142510  5  169
 280000000. .001545741 320000000. .001985184 360000000. .002489091142510  5  170
 400000000. .003059637 440000000. .003690408 480000000. .004346212142510  5  171
 520000000. .005010865 560000000. .005679113 600000000. .006274306142510  5  172
 640000000. .006818322 680000000. .007394136 720000000. .007970270142510  5  173
 760000000. .008358846 800000000. .008679393 840000000. .009016670142510  5  174
 880000000. .009320681 920000000. .009687711 960000000. .010067201142510  5  175
 1.00000E+9 0.0                                                   142510  5  176
 0.0        0.0              4009          0          1         24142510  5  177
         24          1                                            142510  5  178
 140000000. 2.14690E-5 160000000. 4.29038E-5 180000000. 6.87464E-5142510  5  179
 200000000. 1.03179E-4 240000000. 1.48581E-4 280000000. 2.03536E-4142510  5  180
 320000000. 2.67856E-4 360000000. 3.41314E-4 400000000. 4.42183E-4142510  5  181
 440000000. 5.40572E-4 480000000. 6.49408E-4 520000000. 7.88934E-4142510  5  182
 560000000. 9.05037E-4 600000000. .001008009 640000000. .001128725142510  5  183
 680000000. .001219674 720000000. .001290821 760000000. .001409095142510  5  184
 800000000. .001485162 840000000. .001539264 880000000. .001604984142510  5  185
 920000000. .001685289 960000000. .001765002 1.00000E+9 0.0       142510  5  186
 0.0        0.0              4010          0          1         24142510  5  187
         24          1                                            142510  5  188
 140000000. 2.12520E-6 160000000. 3.16695E-6 180000000. 4.44296E-6142510  5  189
 200000000. 6.07469E-6 240000000. 1.22059E-5 280000000. 1.88297E-5142510  5  190
 320000000. 2.26109E-5 360000000. 2.62076E-5 400000000. 3.54809E-5142510  5  191
 440000000. 4.88728E-5 480000000. 5.41475E-5 520000000. 5.95645E-5142510  5  192
 560000000. 7.22584E-5 600000000. 8.45936E-5 640000000. 8.78503E-5142510  5  193
 680000000. 9.13827E-5 720000000. 1.01798E-4 760000000. 1.04560E-4142510  5  194
 800000000. 1.15020E-4 840000000. 1.31855E-4 880000000. 1.39323E-4142510  5  195
 920000000. 1.37390E-4 960000000. 1.37679E-4 1.00000E+9 0.0       142510  5  196
 0.0        0.0              4011          0          1         14142510  5  197
         14          1                                            142510  5  198
 480000000. 3.07922E-6 520000000. 3.69751E-6 560000000. 3.99168E-6142510  5  199
 600000000. 4.62157E-6 640000000. 5.60424E-6 680000000. 5.89175E-6142510  5  200
 720000000. 4.74326E-6 760000000. 4.74581E-6 800000000. 4.77290E-6142510  5  201
 840000000. 6.43371E-6 880000000. 7.90872E-6 920000000. 6.71218E-6142510  5  202
 960000000. 7.43293E-6 1.00000E+9 0.0                             142510  5  203
 0.0        0.0              5008          0          1         25142510  5  204
         25          1                                            142510  5  205
 120000000. 2.21462E-5 140000000. 6.68907E-5 160000000. 1.29864E-4142510  5  206
 180000000. 1.81916E-4 200000000. 2.02567E-4 240000000. 1.83153E-4142510  5  207
 280000000. 1.49060E-4 320000000. 1.27245E-4 360000000. 1.14607E-4142510  5  208
 400000000. 1.10440E-4 440000000. 1.14239E-4 480000000. 1.09434E-4142510  5  209
 520000000. 1.11516E-4 560000000. 1.22436E-4 600000000. 1.26451E-4142510  5  210
 640000000. 1.25943E-4 680000000. 1.19471E-4 720000000. 1.12295E-4142510  5  211
 760000000. 1.20853E-4 800000000. 1.28029E-4 840000000. 1.18994E-4142510  5  212
 880000000. 1.19220E-4 920000000. 1.17015E-4 960000000. 1.15387E-4142510  5  213
 1.00000E+9 0.0                                                   142510  5  214
 0.0        0.0              5009          0          1         25142510  5  215
         25          1                                            142510  5  216
 120000000. 7.51346E-6 140000000. 1.87769E-5 160000000. 3.17445E-5142510  5  217
 180000000. 4.06179E-5 200000000. 6.47239E-5 240000000. 9.79316E-5142510  5  218
 280000000. 1.24445E-4 320000000. 1.66200E-4 360000000. 2.11053E-4142510  5  219
 400000000. 2.71657E-4 440000000. 3.42172E-4 480000000. 4.14690E-4142510  5  220
 520000000. 4.89120E-4 560000000. 5.58273E-4 600000000. 6.24586E-4142510  5  221
 640000000. 6.85955E-4 680000000. 7.43701E-4 720000000. 8.14314E-4142510  5  222
 760000000. 8.70582E-4 800000000. 8.95497E-4 840000000. 9.37833E-4142510  5  223
 880000000. 9.59152E-4 920000000. .001021256 960000000. .001096650142510  5  224
 1.00000E+9 0.0                                                   142510  5  225
 0.0        0.0              5010          0          1         26142510  5  226
         26          1                                            142510  5  227
 100000000. 4.42980E-5 120000000. 1.35847E-4 140000000. 2.42864E-4142510  5  228
 160000000. 3.61209E-4 180000000. 5.03310E-4 200000000. 7.39209E-4142510  5  229
 240000000. .001052592 280000000. .001335021 320000000. .001701794142510  5  230
 360000000. .002129389 400000000. .002546460 440000000. .003080770142510  5  231
 480000000. .003630848 520000000. .004104966 560000000. .004640172142510  5  232
 600000000. .005175557 640000000. .005573725 680000000. .005904482142510  5  233
 720000000. .006230545 760000000. .006528091 800000000. .006836243142510  5  234
 840000000. .007121932 880000000. .007384927 920000000. .007596282142510  5  235
 960000000. .007786750 1.00000E+9 0.0                             142510  5  236
 0.0        0.0              5011          0          1         27142510  5  237
         27          1                                            142510  5  238
 90000000.0 1.77270E-5 100000000. 4.40542E-5 120000000. 8.95066E-5142510  5  239
 140000000. 1.62376E-4 160000000. 2.52280E-4 180000000. 3.52220E-4142510  5  240
 200000000. 4.92301E-4 240000000. 6.75141E-4 280000000. 8.52208E-4142510  5  241
 320000000. .001040020 360000000. .001302238 400000000. .001573462142510  5  242
 440000000. .001832318 480000000. .002119391 520000000. .002417631142510  5  243
 560000000. .002706966 600000000. .002950863 640000000. .003177032142510  5  244
 680000000. .003404731 720000000. .003581821 760000000. .003733846142510  5  245
 800000000. .003879189 840000000. .004011263 880000000. .004129936142510  5  246
 920000000. .004205514 960000000. .004316570 1.00000E+9 0.0       142510  5  247
 0.0        0.0              5012          0          1         23142510  5  248
         23          1                                            142510  5  249
 160000000. 1.16258E-5 180000000. 1.39952E-5 200000000. 2.10631E-5142510  5  250
 240000000. 3.33920E-5 280000000. 4.44159E-5 320000000. 5.49937E-5142510  5  251
 360000000. 6.12316E-5 400000000. 7.69386E-5 440000000. 9.38962E-5142510  5  252
 480000000. 1.17880E-4 520000000. 1.42451E-4 560000000. 1.52515E-4142510  5  253
 600000000. 1.63671E-4 640000000. 1.78669E-4 680000000. 1.99502E-4142510  5  254
 720000000. 2.26043E-4 760000000. 2.38356E-4 800000000. 2.32379E-4142510  5  255
 840000000. 2.33875E-4 880000000. 2.40594E-4 920000000. 2.53315E-4142510  5  256
 960000000. 2.69627E-4 1.00000E+9 0.0                             142510  5  257
 0.0        0.0              5013          0          1         19142510  5  258
         19          1                                            142510  5  259
 280000000. 3.29805E-6 320000000. 3.13142E-6 360000000. 3.13457E-6142510  5  260
 400000000. 5.10069E-6 440000000. 7.34938E-6 480000000. 8.14662E-6142510  5  261
 520000000. 8.73200E-6 560000000. 1.27602E-5 600000000. 1.57221E-5142510  5  262
 640000000. 1.51883E-5 680000000. 1.64815E-5 720000000. 1.51806E-5142510  5  263
 760000000. 1.42405E-5 800000000. 1.83387E-5 840000000. 2.17308E-5142510  5  264
 880000000. 1.94200E-5 920000000. 1.65329E-5 960000000. 2.06149E-5142510  5  265
 1.00000E+9 0.0                                                   142510  5  266
 0.0        0.0              6010          0          1         22142510  5  267
         22          1                                            142510  5  268
 180000000. 3.17917E-6 200000000. 3.79276E-6 240000000. 5.40722E-6142510  5  269
 280000000. 9.06451E-6 320000000. 1.08134E-5 360000000. 1.21434E-5142510  5  270
 400000000. 1.70041E-5 440000000. 2.39945E-5 480000000. 2.72980E-5142510  5  271
 520000000. 2.75476E-5 560000000. 3.10029E-5 600000000. 3.37536E-5142510  5  272
 640000000. 3.71306E-5 680000000. 4.47372E-5 720000000. 5.02015E-5142510  5  273
 760000000. 5.15577E-5 800000000. 5.90566E-5 840000000. 6.38050E-5142510  5  274
 880000000. 5.98673E-5 920000000. 5.80118E-5 960000000. 5.80603E-5142510  5  275
 1.00000E+9 0.0                                                   142510  5  276
 0.0        0.0              6011          0          1         27142510  5  277
         27          1                                            142510  5  278
 90000000.0 1.50038E-5 100000000. 3.81065E-5 120000000. 6.33351E-5142510  5  279
 140000000. 1.05155E-4 160000000. 1.80194E-4 180000000. 2.47721E-4142510  5  280
 200000000. 3.35389E-4 240000000. 4.31912E-4 280000000. 5.28019E-4142510  5  281
 320000000. 6.51805E-4 360000000. 7.93113E-4 400000000. 9.42882E-4142510  5  282
 440000000. .001093169 480000000. .001276829 520000000. .001433597142510  5  283
 560000000. .001571365 600000000. .001715925 640000000. .001868043142510  5  284
 680000000. .002004066 720000000. .002050396 760000000. .002148064142510  5  285
 800000000. .002272487 840000000. .002304805 880000000. .002316852142510  5  286
 920000000. .002361380 960000000. .002444045 1.00000E+9 0.0       142510  5  287
 0.0        0.0              6012          0          1         29142510  5  288
         29          1                                            142510  5  289
 70000000.0 1.70461E-4 80000000.0 3.16223E-4 90000000.0 3.53584E-4142510  5  290
 100000000. 4.33287E-4 120000000. 8.46130E-4 140000000. .001515609142510  5  291
 160000000. .002156506 180000000. .002708311 200000000. .003453963142510  5  292
 240000000. .004366020 280000000. .005169949 320000000. .006030260142510  5  293
 360000000. .006956936 400000000. .007969541 440000000. .009062912142510  5  294
 480000000. .010171175 520000000. .011307392 560000000. .012336309142510  5  295
 600000000. .013149623 640000000. .013907484 680000000. .014547209142510  5  296
 720000000. .015060540 760000000. .015506530 800000000. .015834236142510  5  297
 840000000. .016253945 880000000. .016602889 920000000. .016811603142510  5  298
 960000000. .016994122 1.00000E+9 0.0                             142510  5  299
 0.0        0.0              6013          0          1         27142510  5  300
         27          1                                            142510  5  301
 90000000.0 1.13741E-5 100000000. 7.18962E-5 120000000. 1.91638E-4142510  5  302
 140000000. 3.13688E-4 160000000. 4.47124E-4 180000000. 5.85102E-4142510  5  303
 200000000. 7.84285E-4 240000000. .001057728 280000000. .001279802142510  5  304
 320000000. .001527774 360000000. .001833096 400000000. .002154009142510  5  305
 440000000. .002482739 480000000. .002802024 520000000. .003162260142510  5  306
 560000000. .003518337 600000000. .003796606 640000000. .004000908142510  5  307
 680000000. .004183056 720000000. .004315755 760000000. .004510851142510  5  308
 800000000. .004708237 840000000. .004755881 880000000. .004773981142510  5  309
 920000000. .004860548 960000000. .004967405 1.00000E+9 0.0       142510  5  310
 0.0        0.0              6014          0          1         26142510  5  311
         26          1                                            142510  5  312
 100000000. 8.61250E-6 120000000. 1.70587E-5 140000000. 2.89590E-5142510  5  313
 160000000. 4.90459E-5 180000000. 6.68254E-5 200000000. 8.66718E-5142510  5  314
 240000000. 1.17872E-4 280000000. 1.45914E-4 320000000. 1.73423E-4142510  5  315
 360000000. 2.13082E-4 400000000. 2.53335E-4 440000000. 3.05119E-4142510  5  316
 480000000. 3.45333E-4 520000000. 3.82253E-4 560000000. 4.30204E-4142510  5  317
 600000000. 4.50598E-4 640000000. 4.84617E-4 680000000. 5.18556E-4142510  5  318
 720000000. 5.36553E-4 760000000. 5.76271E-4 800000000. 5.92786E-4142510  5  319
 840000000. 5.94340E-4 880000000. 6.05041E-4 920000000. 6.01698E-4142510  5  320
 960000000. 6.18407E-4 1.00000E+9 0.0                             142510  5  321
 0.0        0.0              6015          0          1         23142510  5  322
         23          1                                            142510  5  323
 160000000. 2.55859E-6 180000000. 2.73977E-6 200000000. 3.99012E-6142510  5  324
 240000000. 6.23171E-6 280000000. 9.29819E-6 320000000. 1.14143E-5142510  5  325
 360000000. 1.36193E-5 400000000. 1.57431E-5 440000000. 1.73059E-5142510  5  326
 480000000. 2.28686E-5 520000000. 2.64357E-5 560000000. 2.50807E-5142510  5  327
 600000000. 2.68096E-5 640000000. 3.15244E-5 680000000. 3.34629E-5142510  5  328
 720000000. 3.22103E-5 760000000. 3.65598E-5 800000000. 4.07569E-5142510  5  329
 840000000. 4.01381E-5 880000000. 3.95086E-5 920000000. 3.95488E-5142510  5  330
 960000000. 4.53126E-5 1.00000E+9 0.0                             142510  5  331
 0.0        0.0              6016          0          1         14142510  5  332
         14          1                                            142510  5  333
 480000000. 2.41999E-6 520000000. 2.68790E-6 560000000. 3.19068E-6142510  5  334
 600000000. 3.00954E-6 640000000. 2.33608E-6 680000000. 3.05862E-6142510  5  335
 720000000. 3.64530E-6 760000000. 3.36794E-6 800000000. 3.09058E-6142510  5  336
 840000000. 2.81322E-6 880000000. 2.53588E-6 920000000. 3.58779E-6142510  5  337
 960000000. 3.84482E-6 1.00000E+9 0.0                             142510  5  338
 0.0        0.0              7011          0          1          5142510  5  339
          5          1                                            142510  5  340
 840000000. 3.34792E-6 880000000. 2.79278E-6 920000000. 2.63596E-6142510  5  341
 960000000. 2.47913E-6 1.00000E+9 0.0                             142510  5  342
 0.0        0.0              7012          0          1         23142510  5  343
         23          1                                            142510  5  344
 160000000. 7.21731E-6 180000000. 8.03881E-6 200000000. 1.02822E-5142510  5  345
 240000000. 1.51946E-5 280000000. 1.90633E-5 320000000. 2.19849E-5142510  5  346
 360000000. 2.72392E-5 400000000. 3.27543E-5 440000000. 3.78544E-5142510  5  347
 480000000. 4.68523E-5 520000000. 5.59912E-5 560000000. 6.01884E-5142510  5  348
 600000000. 6.81710E-5 640000000. 7.24321E-5 680000000. 7.46614E-5142510  5  349
 720000000. 8.14507E-5 760000000. 8.08092E-5 800000000. 7.46183E-5142510  5  350
 840000000. 8.21165E-5 880000000. 9.67026E-5 920000000. 9.47253E-5142510  5  351
 960000000. 8.56742E-5 1.00000E+9 0.0                             142510  5  352
 0.0        0.0              7013          0          1         29142510  5  353
         29          1                                            142510  5  354
 70000000.0 7.67245E-6 80000000.0 8.17311E-6 90000000.0 8.30435E-6142510  5  355
 100000000. 3.80943E-5 120000000. 9.85188E-5 140000000. 1.59144E-4142510  5  356
 160000000. 2.32077E-4 180000000. 3.04331E-4 200000000. 3.99716E-4142510  5  357
 240000000. 5.24847E-4 280000000. 6.43510E-4 320000000. 7.61262E-4142510  5  358
 360000000. 9.16727E-4 400000000. .001069144 440000000. .001204615142510  5  359
 480000000. .001377432 520000000. .001533706 560000000. .001688356142510  5  360
 600000000. .001792073 640000000. .001886060 680000000. .001999716142510  5  361
 720000000. .002043920 760000000. .002144808 800000000. .002248467142510  5  362
 840000000. .002259247 880000000. .002282232 920000000. .002361547142510  5  363
 960000000. .002405293 1.00000E+9 0.0                             142510  5  364
 0.0        0.0              7014          0          1         29142510  5  365
         29          1                                            142510  5  366
 70000000.0 1.20094E-5 80000000.0 1.01119E-4 90000000.0 3.28510E-4142510  5  367
 100000000. 6.89314E-4 120000000. .001045271 140000000. .001414225142510  5  368
 160000000. .001960961 180000000. .002504388 200000000. .003124655142510  5  369
 240000000. .003884093 280000000. .004606484 320000000. .005264493142510  5  370
 360000000. .005952749 400000000. .006703532 440000000. .007499134142510  5  371
 480000000. .008302159 520000000. .009078446 560000000. .009827746142510  5  372
 600000000. .010400365 640000000. .010914777 680000000. .011371723142510  5  373
 720000000. .011670495 760000000. .011873222 800000000. .012039390142510  5  374
 840000000. .012232581 880000000. .012412052 920000000. .012506262142510  5  375
 960000000. .012589163 1.00000E+9 0.0                             142510  5  376
 0.0        0.0              7015          0          1         29142510  5  377
         29          1                                            142510  5  378
 70000000.0 1.11827E-4 80000000.0 2.97350E-4 90000000.0 4.18337E-4142510  5  379
 100000000. 4.92790E-4 120000000. 7.17219E-4 140000000. .001137445142510  5  380
 160000000. .001592396 180000000. .001945798 200000000. .002346822142510  5  381
 240000000. .002799946 280000000. .003171800 320000000. .003563043142510  5  382
 360000000. .004004474 400000000. .004474182 440000000. .004932651142510  5  383
 480000000. .005420086 520000000. .005838997 560000000. .006170857142510  5  384
 600000000. .006575156 640000000. .006903445 680000000. .007091555142510  5  385
 720000000. .007231543 760000000. .007371086 800000000. .007489916142510  5  386
 840000000. .007577243 880000000. .007702411 920000000. .007787962142510  5  387
 960000000. .007802933 1.00000E+9 0.0                             142510  5  388
 0.0        0.0              7016          0          1         26142510  5  389
         26          1                                            142510  5  390
 100000000. 1.68335E-5 120000000. 4.66404E-5 140000000. 8.10404E-5142510  5  391
 160000000. 1.00043E-4 180000000. 1.27794E-4 200000000. 1.72445E-4142510  5  392
 240000000. 2.09359E-4 280000000. 2.63122E-4 320000000. 3.06092E-4142510  5  393
 360000000. 3.59466E-4 400000000. 4.05634E-4 440000000. 4.35633E-4142510  5  394
 480000000. 4.98402E-4 520000000. 5.59446E-4 560000000. 5.99623E-4142510  5  395
 600000000. 6.46023E-4 640000000. 7.01696E-4 680000000. 7.27059E-4142510  5  396
 720000000. 7.45203E-4 760000000. 7.51609E-4 800000000. 7.53060E-4142510  5  397
 840000000. 7.80876E-4 880000000. 8.05643E-4 920000000. 8.07846E-4142510  5  398
 960000000. 8.08057E-4 1.00000E+9 0.0                             142510  5  399
 0.0        0.0              7017          0          1         24142510  5  400
         24          1                                            142510  5  401
 140000000. 7.63179E-6 160000000. 1.05842E-5 180000000. 1.41579E-5142510  5  402
 200000000. 1.64339E-5 240000000. 1.96161E-5 280000000. 2.27965E-5142510  5  403
 320000000. 2.96092E-5 360000000. 3.44270E-5 400000000. 3.84758E-5142510  5  404
 440000000. 4.60825E-5 480000000. 4.92971E-5 520000000. 5.35267E-5142510  5  405
 560000000. 6.20016E-5 600000000. 6.77452E-5 640000000. 7.07704E-5142510  5  406
 680000000. 7.28114E-5 720000000. 8.02201E-5 760000000. 8.36770E-5142510  5  407
 800000000. 7.86452E-5 840000000. 8.02671E-5 880000000. 8.92540E-5142510  5  408
 920000000. 9.49413E-5 960000000. 9.04662E-5 1.00000E+9 0.0       142510  5  409
 0.0        0.0              7018          0          1         16142510  5  410
         16          1                                            142510  5  411
 400000000. 3.83972E-6 440000000. 2.59669E-6 480000000. 2.64110E-6142510  5  412
 520000000. 4.02730E-6 560000000. 4.33507E-6 600000000. 3.46682E-6142510  5  413
 640000000. 4.43504E-6 680000000. 4.71514E-6 720000000. 5.43815E-6142510  5  414
 760000000. 6.18132E-6 800000000. 6.42967E-6 840000000. 7.40488E-6142510  5  415
 880000000. 7.66135E-6 920000000. 6.24228E-6 960000000. 5.51354E-6142510  5  416
 1.00000E+9 0.0                                                   142510  5  417
 0.0        0.0              8013          0          1         20142510  5  418
         20          1                                            142510  5  419
 240000000. 2.10630E-6 280000000. 2.09829E-6 320000000. 2.09028E-6142510  5  420
 360000000. 2.41721E-6 400000000. 3.09162E-6 440000000. 4.32253E-6142510  5  421
 480000000. 5.17196E-6 520000000. 5.03944E-6 560000000. 4.78854E-6142510  5  422
 600000000. 4.39424E-6 640000000. 5.13474E-6 680000000. 5.42341E-6142510  5  423
 720000000. 5.67668E-6 760000000. 5.00140E-6 800000000. 4.75652E-6142510  5  424
 840000000. 5.73710E-6 880000000. 5.98074E-6 920000000. 6.47403E-6142510  5  425
 960000000. 6.71467E-6 1.00000E+9 0.0                             142510  5  426
 0.0        0.0              8014          0          1         25142510  5  427
         25          1                                            142510  5  428
 120000000. 1.19609E-5 140000000. 1.74270E-5 160000000. 2.09686E-5142510  5  429
 180000000. 2.89202E-5 200000000. 4.05027E-5 240000000. 5.50760E-5142510  5  430
 280000000. 6.87008E-5 320000000. 7.35580E-5 360000000. 7.71463E-5142510  5  431
 400000000. 9.18625E-5 440000000. 1.07942E-4 480000000. 1.17518E-4142510  5  432
 520000000. 1.30557E-4 560000000. 1.47045E-4 600000000. 1.59961E-4142510  5  433
 640000000. 1.69825E-4 680000000. 1.74350E-4 720000000. 1.71490E-4142510  5  434
 760000000. 1.70584E-4 800000000. 1.83916E-4 840000000. 1.92341E-4142510  5  435
 880000000. 1.84160E-4 920000000. 1.85248E-4 960000000. 1.99572E-4142510  5  436
 1.00000E+9 0.0                                                   142510  5  437
 0.0        0.0              8015          0          1         29142510  5  438
         29          1                                            142510  5  439
 70000000.0 5.84727E-5 80000000.0 1.79056E-4 90000000.0 2.82635E-4142510  5  440
 100000000. 3.12151E-4 120000000. 4.17065E-4 140000000. 6.39901E-4142510  5  441
 160000000. 8.80331E-4 180000000. .001090094 200000000. .001286832142510  5  442
 240000000. .001503486 280000000. .001676787 320000000. .001855555142510  5  443
 360000000. .002058223 400000000. .002264293 440000000. .002492890142510  5  444
 480000000. .002700658 520000000. .002887940 560000000. .003080316142510  5  445
 600000000. .003278730 640000000. .003440127 680000000. .003533552142510  5  446
 720000000. .003543495 760000000. .003570580 800000000. .003599517142510  5  447
 840000000. .003611943 880000000. .003676566 920000000. .003736749142510  5  448
 960000000. .003749159 1.00000E+9 0.0                             142510  5  449
 0.0        0.0              8016          0          1         33142510  5  450
         33          1                                            142510  5  451
 50000000.0 1.87787E-4 54000000.0 3.77806E-4 55000000.0 7.59190E-4142510  5  452
 60000000.0 .001671002 70000000.0 .002098543 80000000.0 .001799759142510  5  453
 90000000.0 .001789441 100000000. .002997518 120000000. .005186460142510  5  454
 140000000. .006865859 160000000. .008107638 180000000. .009235476142510  5  455
 200000000. .010575418 240000000. .011844420 280000000. .012695788142510  5  456
 320000000. .013691951 360000000. .014790168 400000000. .015919963142510  5  457
 440000000. .017038547 480000000. .018164797 520000000. .019127776142510  5  458
 560000000. .019950435 600000000. .020683375 640000000. .021261595142510  5  459
 680000000. .021671352 720000000. .021932234 760000000. .022121094142510  5  460
 800000000. .022307862 840000000. .022487202 880000000. .022526000142510  5  461
 920000000. .022573660 960000000. .022548007 1.00000E+9 0.0       142510  5  462
 0.0        0.0              8017          0          1         29142510  5  463
         29          1                                            142510  5  464
 70000000.0 7.37647E-5 80000000.0 3.39961E-4 90000000.0 8.76664E-4142510  5  465
 100000000. .001593656 120000000. .002170293 140000000. .002637946142510  5  466
 160000000. .003238073 180000000. .003796463 200000000. .004429592142510  5  467
 240000000. .005091253 280000000. .005549015 320000000. .006012170142510  5  468
 360000000. .006428263 400000000. .006921368 440000000. .007539653142510  5  469
 480000000. .008018024 520000000. .008455561 560000000. .008873797142510  5  470
 600000000. .009223651 640000000. .009476501 680000000. .009704716142510  5  471
 720000000. .009848977 760000000. .009896409 800000000. .009884181142510  5  472
 840000000. .009847715 880000000. .009931308 920000000. .009948702142510  5  473
 960000000. .009889961 1.00000E+9 0.0                             142510  5  474
 0.0        0.0              8018          0          1         29142510  5  475
         29          1                                            142510  5  476
 70000000.0 3.34469E-5 80000000.0 1.01036E-4 90000000.0 1.50643E-4142510  5  477
 100000000. 1.71689E-4 120000000. 2.27469E-4 140000000. 3.33611E-4142510  5  478
 160000000. 4.33606E-4 180000000. 5.09600E-4 200000000. 5.84178E-4142510  5  479
 240000000. 6.71572E-4 280000000. 7.39998E-4 320000000. 7.97869E-4142510  5  480
 360000000. 8.92923E-4 400000000. 9.87123E-4 440000000. .001061020142510  5  481
 480000000. .001143881 520000000. .001242801 560000000. .001290267142510  5  482
 600000000. .001333368 640000000. .001406267 680000000. .001428114142510  5  483
 720000000. .001430861 760000000. .001455525 800000000. .001494599142510  5  484
 840000000. .001486956 880000000. .001452160 920000000. .001464801142510  5  485
 960000000. .001498216 1.00000E+9 0.0                             142510  5  486
 0.0        0.0              8019          0          1         25142510  5  487
         25          1                                            142510  5  488
 120000000. 1.19609E-5 140000000. 2.15824E-5 160000000. 2.57187E-5142510  5  489
 180000000. 3.14261E-5 200000000. 4.16538E-5 240000000. 4.77105E-5142510  5  490
 280000000. 5.26046E-5 320000000. 5.34205E-5 360000000. 5.63737E-5142510  5  491
 400000000. 6.80525E-5 440000000. 7.98187E-5 480000000. 8.95626E-5142510  5  492
 520000000. 9.89898E-5 560000000. 1.06926E-4 600000000. 1.11206E-4142510  5  493
 640000000. 1.12604E-4 680000000. 1.21754E-4 720000000. 1.27907E-4142510  5  494
 760000000. 1.25688E-4 800000000. 1.35546E-4 840000000. 1.36951E-4142510  5  495
 880000000. 1.26911E-4 920000000. 1.26553E-4 960000000. 1.29790E-4142510  5  496
 1.00000E+9 0.0                                                   142510  5  497
 0.0        0.0              8020          0          1         20142510  5  498
         20          1                                            142510  5  499
 240000000. 3.78581E-6 280000000. 3.11671E-6 320000000. 3.11236E-6142510  5  500
 360000000. 3.77140E-6 400000000. 5.10069E-6 440000000. 6.27411E-6142510  5  501
 480000000. 7.04097E-6 520000000. 7.39260E-6 560000000. 9.11491E-6142510  5  502
 600000000. 9.94838E-6 640000000. 1.00392E-5 680000000. 1.03725E-5142510  5  503
 720000000. 1.06481E-5 760000000. 1.18808E-5 800000000. 1.23890E-5142510  5  504
 840000000. 1.19518E-5 880000000. 1.17266E-5 920000000. 1.27033E-5142510  5  505
 960000000. 1.27171E-5 1.00000E+9 0.0                             142510  5  506
 0.0        0.0              9015          0          1         22142510  5  507
         22          1                                            142510  5  508
 180000000. 2.54725E-6 200000000. 2.53838E-6 240000000. 2.71737E-6142510  5  509
 280000000. 3.51073E-6 320000000. 4.15405E-6 360000000. 4.81791E-6142510  5  510
 400000000. 5.74380E-6 440000000. 6.27411E-6 480000000. 6.60284E-6142510  5  511
 520000000. 7.16633E-6 560000000. 7.75192E-6 600000000. 8.55081E-6142510  5  512
 640000000. 9.11189E-6 680000000. 8.71911E-6 720000000. 8.29031E-6142510  5  513
 760000000. 9.96686E-6 800000000. 1.30992E-5 840000000. 1.38601E-5142510  5  514
 880000000. 1.38829E-5 920000000. 1.27164E-5 960000000. 9.84448E-6142510  5  515
 1.00000E+9 0.0                                                   142510  5  516
 0.0        0.0              9016          0          1         28142510  5  517
         28          1                                            142510  5  518
 80000000.0 5.42221E-6 90000000.0 5.49100E-6 100000000. 1.04587E-5142510  5  519
 120000000. 2.79154E-5 140000000. 4.20412E-5 160000000. 5.02377E-5142510  5  520
 180000000. 6.31847E-5 200000000. 7.39334E-5 240000000. 9.11315E-5142510  5  521
 280000000. 1.09798E-4 320000000. 1.26331E-4 360000000. 1.39714E-4142510  5  522
 400000000. 1.48281E-4 440000000. 1.52368E-4 480000000. 1.55146E-4142510  5  523
 520000000. 1.64182E-4 560000000. 1.79182E-4 600000000. 1.97192E-4142510  5  524
 640000000. 1.92785E-4 680000000. 1.89857E-4 720000000. 2.00801E-4142510  5  525
 760000000. 2.05761E-4 800000000. 2.16575E-4 840000000. 2.16280E-4142510  5  526
 880000000. 2.11379E-4 920000000. 2.07414E-4 960000000. 2.07001E-4142510  5  527
 1.00000E+9 0.0                                                   142510  5  528
 0.0        0.0              9017          0          1         34142510  5  529
         34          1                                            142510  5  530
 45000000.0 2.61326E-5 50000000.0 5.63492E-5 54000000.0 7.31554E-5142510  5  531
 55000000.0 7.45585E-5 60000000.0 6.53156E-5 70000000.0 6.25576E-5142510  5  532
 80000000.0 1.32322E-4 90000000.0 3.09894E-4 100000000. 6.30684E-4142510  5  533
 120000000. 9.32727E-4 140000000. .001148163 160000000. .001365998142510  5  534
 180000000. .001560795 200000000. .001819126 240000000. .002050574142510  5  535
 280000000. .002203036 320000000. .002357040 360000000. .002526674142510  5  536
 400000000. .002719112 440000000. .002904914 480000000. .003062684142510  5  537
 520000000. .003224448 560000000. .003350186 600000000. .003430228142510  5  538
 640000000. .003517560 680000000. .003625240 720000000. .003681178142510  5  539
 760000000. .003656539 800000000. .003669011 840000000. .003662831142510  5  540
 880000000. .003618457 920000000. .003601120 960000000. .003613844142510  5  541
 1.00000E+9 0.0                                                   142510  5  542
 0.0        0.0              9018          0          1         32142510  5  543
         32          1                                            142510  5  544
 54000000.0 1.01302E-5 55000000.0 3.65813E-5 60000000.0 5.13040E-4142510  5  545
 70000000.0 .002060198 80000000.0 .003846735 90000000.0 .004688814142510  5  546
 100000000. .005018500 120000000. .005896822 140000000. .007267618142510  5  547
 160000000. .008538912 180000000. .009566217 200000000. .010514100142510  5  548
 240000000. .011328913 280000000. .011852571 320000000. .012355878142510  5  549
 360000000. .012984065 400000000. .013713219 440000000. .014366360142510  5  550
 480000000. .015050145 520000000. .015582456 560000000. .015972907142510  5  551
 600000000. .016332075 640000000. .016571919 680000000. .016743390142510  5  552
 720000000. .016787189 760000000. .016856222 800000000. .016917252142510  5  553
 840000000. .016822496 880000000. .016691000 920000000. .016510305142510  5  554
 960000000. .016446653 1.00000E+9 0.0                             142510  5  555
 0.0        0.0              9019          0          1         33142510  5  556
         33          1                                            142510  5  557
 50000000.0 2.63149E-4 54000000.0 5.55842E-4 55000000.0 .001173930142510  5  558
 60000000.0 .002790122 70000000.0 .003717759 80000000.0 .003249764142510  5  559
 90000000.0 .003053131 100000000. .003797948 120000000. .005326517142510  5  560
 140000000. .006658492 160000000. .007537171 180000000. .008140189142510  5  561
 200000000. .008691079 240000000. .009206038 280000000. .009448013142510  5  562
 320000000. .009693211 360000000. .010047690 400000000. .010486252142510  5  563
 440000000. .010995041 480000000. .011438252 520000000. .011767518142510  5  564
 560000000. .012143516 600000000. .012380796 640000000. .012446525142510  5  565
 680000000. .012513314 720000000. .012554306 760000000. .012585915142510  5  566
 800000000. .012529049 840000000. .012494736 880000000. .012462496142510  5  567
 920000000. .012416347 960000000. .012355565 1.00000E+9 0.0       142510  5  568
 0.0        0.0              9020          0          1         29142510  5  569
         29          1                                            142510  5  570
 70000000.0 2.01056E-5 80000000.0 7.21752E-5 90000000.0 1.85105E-4142510  5  571
 100000000. 4.07332E-4 120000000. 5.88875E-4 140000000. 6.66714E-4142510  5  572
 160000000. 7.42184E-4 180000000. 8.21022E-4 200000000. 8.97712E-4142510  5  573
 240000000. 9.52147E-4 280000000. .001018297 320000000. .001087552142510  5  574
 360000000. .001178431 400000000. .001256933 440000000. .001287551142510  5  575
 480000000. .001341805 520000000. .001435249 560000000. .001535010142510  5  576
 600000000. .001574141 640000000. .001581042 680000000. .001616907142510  5  577
 720000000. .001660143 760000000. .001678343 800000000. .001689368142510  5  578
 840000000. .001689278 880000000. .001669027 920000000. .001677762142510  5  579
 960000000. .001671181 1.00000E+9 0.0                             142510  5  580
 0.0        0.0              9021          0          1         28142510  5  581
         28          1                                            142510  5  582
 80000000.0 1.69027E-5 90000000.0 2.94657E-5 100000000. 3.80188E-5142510  5  583
 120000000. 4.49057E-5 140000000. 5.48581E-5 160000000. 7.12480E-5142510  5  584
 180000000. 7.65116E-5 200000000. 7.97778E-5 240000000. 9.40261E-5142510  5  585
 280000000. 9.90134E-5 320000000. 1.03531E-4 360000000. 1.23017E-4142510  5  586
 400000000. 1.42101E-4 440000000. 1.49321E-4 480000000. 1.60621E-4142510  5  587
 520000000. 1.76725E-4 560000000. 1.72848E-4 600000000. 1.78183E-4142510  5  588
 640000000. 1.97375E-4 680000000. 2.13167E-4 720000000. 2.13923E-4142510  5  589
 760000000. 2.03872E-4 800000000. 2.07315E-4 840000000. 2.15709E-4142510  5  590
 880000000. 2.15754E-4 920000000. 2.13572E-4 960000000. 2.15698E-4142510  5  591
 1.00000E+9 0.0                                                   142510  5  592
 0.0        0.0              9022          0          1         23142510  5  593
         23          1                                            142510  5  594
 160000000. 3.39201E-6 180000000. 3.60479E-6 200000000. 3.78553E-6142510  5  595
 240000000. 3.98851E-6 280000000. 3.73384E-6 320000000. 5.37488E-6142510  5  596
 360000000. 7.13318E-6 400000000. 7.23493E-6 440000000. 7.35741E-6142510  5  597
 480000000. 7.70228E-6 520000000. 1.07425E-5 560000000. 1.36796E-5142510  5  598
 600000000. 1.64012E-5 640000000. 1.65986E-5 680000000. 1.69465E-5142510  5  599
 720000000. 1.73067E-5 760000000. 1.47323E-5 800000000. 1.71424E-5142510  5  600
 840000000. 1.98285E-5 880000000. 1.93972E-5 920000000. 1.89362E-5142510  5  601
 960000000. 1.96707E-5 1.00000E+9 0.0                             142510  5  602
 0.0        0.0              9023          0          1          8142510  5  603
          8          1                                            142510  5  604
 720000000. 2.72383E-6 760000000. 2.49538E-6 800000000. 2.54130E-6142510  5  605
 840000000. 2.86619E-6 880000000. 3.19108E-6 920000000. 3.35609E-6142510  5  606
 960000000. 3.35750E-6 1.00000E+9 0.0                             142510  5  607
 0.0        0.0             10017          0          1         23142510  5  608
         23          1                                            142510  5  609
 160000000. 5.07547E-6 180000000. 5.73156E-6 200000000. 6.08756E-6142510  5  610
 240000000. 8.54376E-6 280000000. 7.93466E-6 320000000. 7.86106E-6142510  5  611
 360000000. 9.44851E-6 400000000. 1.18940E-5 440000000. 1.55773E-5142510  5  612
 480000000. 1.69442E-5 520000000. 1.59107E-5 560000000. 1.27714E-5142510  5  613
 600000000. 1.52389E-5 640000000. 1.75286E-5 680000000. 1.64900E-5142510  5  614
 720000000. 1.89311E-5 760000000. 1.85500E-5 800000000. 2.04654E-5142510  5  615
 840000000. 2.46096E-5 880000000. 2.32312E-5 920000000. 2.22922E-5142510  5  616
 960000000. 2.04071E-5 1.00000E+9 0.0                             142510  5  617
 0.0        0.0             10018          0          1         29142510  5  618
         29          1                                            142510  5  619
 70000000.0 1.18024E-5 80000000.0 3.52764E-5 90000000.0 6.50110E-5142510  5  620
 100000000. 9.09529E-5 120000000. 1.09019E-4 140000000. 1.37863E-4142510  5  621
 160000000. 1.65240E-4 180000000. 1.82082E-4 200000000. 2.11123E-4142510  5  622
 240000000. 2.34880E-4 280000000. 2.49915E-4 320000000. 2.69458E-4142510  5  623
 360000000. 2.89637E-4 400000000. 3.06809E-4 440000000. 3.15939E-4142510  5  624
 480000000. 3.22431E-4 520000000. 3.28386E-4 560000000. 3.49473E-4142510  5  625
 600000000. 3.57297E-4 640000000. 3.60155E-4 680000000. 3.80028E-4142510  5  626
 720000000. 3.90941E-4 760000000. 3.98957E-4 800000000. 3.91380E-4142510  5  627
 840000000. 3.81564E-4 880000000. 3.89953E-4 920000000. 3.91757E-4142510  5  628
 960000000. 3.81009E-4 1.00000E+9 0.0                             142510  5  629
 0.0        0.0             10019          0          1         33142510  5  630
         33          1                                            142510  5  631
 50000000.0 6.89917E-5 54000000.0 1.53456E-4 55000000.0 3.82204E-4142510  5  632
 60000000.0 .001241683 70000000.0 .002020773 80000000.0 .002003122142510  5  633
 90000000.0 .001819466 100000000. .001976533 120000000. .002600264142510  5  634
 140000000. .003193575 160000000. .003524643 180000000. .003774362142510  5  635
 200000000. .004005308 240000000. .004175005 280000000. .004247273142510  5  636
 320000000. .004280335 360000000. .004386102 400000000. .004535287142510  5  637
 440000000. .004619619 480000000. .004749554 520000000. .004877575142510  5  638
 560000000. .004873855 600000000. .004888548 640000000. .004906946142510  5  639
 680000000. .004904240 720000000. .004905838 760000000. .004855007142510  5  640
 800000000. .004812748 840000000. .004838355 880000000. .004881018142510  5  641
 920000000. .004870010 960000000. .004827087 1.00000E+9 0.0       142510  5  642
 0.0        0.0             10020          0          1         36142510  5  643
         36          1                                            142510  5  644
 35000000.0 .002688627 40000000.0 .007256626 45000000.0 .010441322142510  5  645
 50000000.0 .011364161 54000000.0 .011079969 55000000.0 .010181750142510  5  646
 60000000.0 .008644135 70000000.0 .007743709 80000000.0 .009200685142510  5  647
 90000000.0 .012800956 100000000. .017167265 120000000. .020704365142510  5  648
 140000000. .022536826 160000000. .023828068 180000000. .024727049142510  5  649
 200000000. .025267469 240000000. .025528896 280000000. .025478691142510  5  650
 320000000. .025531390 360000000. .025776051 400000000. .026191616142510  5  651
 440000000. .026783882 480000000. .027185466 520000000. .027420024142510  5  652
 560000000. .027610689 600000000. .027733441 640000000. .027712253142510  5  653
 680000000. .027543400 720000000. .027426694 760000000. .027227530142510  5  654
 800000000. .027003358 840000000. .026870690 880000000. .026698119142510  5  655
 920000000. .026510738 960000000. .026295259 1.00000E+9 0.0       142510  5  656
 0.0        0.0             10021          0          1         33142510  5  657
         33          1                                            142510  5  658
 50000000.0 7.60709E-5 54000000.0 1.48735E-4 55000000.0 3.72613E-4142510  5  659
 60000000.0 .002428595 70000000.0 .006832623 80000000.0 .010467627142510  5  660
 90000000.0 .011669367 100000000. .011742183 120000000. .012174981142510  5  661
 140000000. .013009924 160000000. .013699622 180000000. .014247137142510  5  662
 200000000. .014498150 240000000. .014445157 280000000. .014364378142510  5  663
 320000000. .014445979 360000000. .014617841 400000000. .014837999142510  5  664
 440000000. .015076869 480000000. .015281773 520000000. .015535493142510  5  665
 560000000. .015732126 600000000. .015801107 640000000. .015864232142510  5  666
 680000000. .015849895 720000000. .015706424 760000000. .015582675142510  5  667
 800000000. .015486618 840000000. .015388171 880000000. .015301482142510  5  668
 920000000. .015160539 960000000. .014975742 1.00000E+9 0.0       142510  5  669
 0.0        0.0             10022          0          1         33142510  5  670
         33          1                                            142510  5  671
 50000000.0 9.34463E-5 54000000.0 2.01523E-4 55000000.0 4.54184E-4142510  5  672
 60000000.0 .001194945 70000000.0 .001668275 80000000.0 .001482320142510  5  673
 90000000.0 .001341807 100000000. .001432898 120000000. .001648060142510  5  674
 140000000. .001873968 160000000. .002019688 180000000. .002056630142510  5  675
 200000000. .002105347 240000000. .002130646 280000000. .002137995142510  5  676
 320000000. .002209797 360000000. .002288461 400000000. .002349042142510  5  677
 440000000. .002450424 480000000. .002535432 520000000. .002611252142510  5  678
 560000000. .002701965 600000000. .002801778 640000000. .002845302142510  5  679
 680000000. .002796771 720000000. .002770232 760000000. .002790738142510  5  680
 800000000. .002807620 840000000. .002792597 880000000. .002797918142510  5  681
 920000000. .002808402 960000000. .002778356 1.00000E+9 0.0       142510  5  682
 0.0        0.0             10023          0          1         28142510  5  683
         28          1                                            142510  5  684
 80000000.0 8.48318E-6 90000000.0 2.49720E-5 100000000. 5.52457E-5142510  5  685
 120000000. 8.72279E-5 140000000. 1.02215E-4 160000000. 1.10974E-4142510  5  686
 180000000. 1.19654E-4 200000000. 1.17394E-4 240000000. 1.18679E-4142510  5  687
 280000000. 1.31477E-4 320000000. 1.32653E-4 360000000. 1.39546E-4142510  5  688
 400000000. 1.65911E-4 440000000. 1.88847E-4 480000000. 2.06001E-4142510  5  689
 520000000. 2.20608E-4 560000000. 2.37786E-4 600000000. 2.51981E-4142510  5  690
 640000000. 2.64656E-4 680000000. 2.65330E-4 720000000. 2.69905E-4142510  5  691
 760000000. 2.78498E-4 800000000. 2.77406E-4 840000000. 2.74536E-4142510  5  692
 880000000. 2.70787E-4 920000000. 2.72064E-4 960000000. 2.78278E-4142510  5  693
 1.00000E+9 0.0                                                   142510  5  694
 0.0        0.0             10024          0          1         26142510  5  695
         26          1                                            142510  5  696
 100000000. 4.68182E-6 120000000. 5.29523E-6 140000000. 4.90213E-6142510  5  697
 160000000. 6.12556E-6 180000000. 5.97465E-6 200000000. 5.63987E-6142510  5  698
 240000000. 8.35482E-6 280000000. 7.91375E-6 320000000. 7.87362E-6142510  5  699
 360000000. 1.13042E-5 400000000. 1.34071E-5 440000000. 1.42762E-5142510  5  700
 480000000. 1.49681E-5 520000000. 1.81320E-5 560000000. 2.07510E-5142510  5  701
 600000000. 2.21834E-5 640000000. 2.66222E-5 680000000. 2.96816E-5142510  5  702
 720000000. 3.05512E-5 760000000. 2.73470E-5 800000000. 2.52550E-5142510  5  703
 840000000. 2.84171E-5 880000000. 3.18349E-5 920000000. 2.87955E-5142510  5  704
 960000000. 2.80479E-5 1.00000E+9 0.0                             142510  5  705
 0.0        0.0             10025          0          1         10142510  5  706
         10          1                                            142510  5  707
 640000000. 2.91918E-6 680000000. 4.12162E-6 720000000. 4.03109E-6142510  5  708
 760000000. 2.85467E-6 800000000. 2.38318E-6 840000000. 2.38918E-6142510  5  709
 880000000. 2.47293E-6 920000000. 2.63562E-6 960000000. 2.79831E-6142510  5  710
 1.00000E+9 0.0                                                   142510  5  711
 0.0        0.0             11018          0          1         14142510  5  712
         14          1                                            142510  5  713
 480000000. 2.63325E-6 520000000. 2.66297E-6 560000000. 2.69268E-6142510  5  714
 600000000. 2.72239E-6 640000000. 2.75210E-6 680000000. 2.78181E-6142510  5  715
 720000000. 2.81152E-6 760000000. 2.84122E-6 800000000. 2.85620E-6142510  5  716
 840000000. 2.85620E-6 880000000. 2.85620E-6 920000000. 2.85620E-6142510  5  717
 960000000. 2.85620E-6 1.00000E+9 0.0                             142510  5  718
 0.0        0.0             11019          0          1         26142510  5  719
         26          1                                            142510  5  720
 100000000. 2.76805E-6 120000000. 5.65992E-6 140000000. 8.08521E-6142510  5  721
 160000000. 1.07758E-5 180000000. 1.33555E-5 200000000. 1.45028E-5142510  5  722
 240000000. 1.53322E-5 280000000. 1.73408E-5 320000000. 1.97477E-5142510  5  723
 360000000. 2.05405E-5 400000000. 2.38230E-5 440000000. 2.63948E-5142510  5  724
 480000000. 3.01417E-5 520000000. 2.93563E-5 560000000. 2.46272E-5142510  5  725
 600000000. 2.74917E-5 640000000. 3.10735E-5 680000000. 2.78200E-5142510  5  726
 720000000. 2.86291E-5 760000000. 2.85401E-5 800000000. 2.36014E-5142510  5  727
 840000000. 2.57813E-5 880000000. 3.06362E-5 920000000. 3.09319E-5142510  5  728
 960000000. 2.97499E-5 1.00000E+9 0.0                             142510  5  729
 0.0        0.0             11020          0          1         33142510  5  730
         33          1                                            142510  5  731
 50000000.0 3.88782E-5 54000000.0 5.81847E-5 55000000.0 7.38736E-5142510  5  732
 60000000.0 9.03433E-5 70000000.0 8.37988E-5 80000000.0 7.64596E-5142510  5  733
 90000000.0 1.00725E-4 100000000. 1.63806E-4 120000000. 2.28880E-4142510  5  734
 140000000. 2.72622E-4 160000000. 3.06213E-4 180000000. 3.30943E-4142510  5  735
 200000000. 3.54385E-4 240000000. 3.70065E-4 280000000. 3.78234E-4142510  5  736
 320000000. 3.94469E-4 360000000. 4.00824E-4 400000000. 3.98343E-4142510  5  737
 440000000. 3.97569E-4 480000000. 3.82587E-4 520000000. 3.87918E-4142510  5  738
 560000000. 3.96059E-4 600000000. 3.97861E-4 640000000. 4.16252E-4142510  5  739
 680000000. 4.22945E-4 720000000. 4.26003E-4 760000000. 4.23259E-4142510  5  740
 800000000. 4.21309E-4 840000000. 4.18412E-4 880000000. 4.13691E-4142510  5  741
 920000000. 4.08789E-4 960000000. 4.09717E-4 1.00000E+9 0.0       142510  5  742
 0.0        0.0             11021          0          1         37142510  5  743
         37          1                                            142510  5  744
 30000000.0 8.92286E-4 35000000.0 .001124065 40000000.0 7.52293E-4142510  5  745
 45000000.0 4.09896E-4 50000000.0 2.75641E-4 54000000.0 2.32677E-4142510  5  746
 55000000.0 2.56568E-4 60000000.0 6.73964E-4 70000000.0 .001879369142510  5  747
 80000000.0 .003260761 90000000.0 .004100360 100000000. .004481578142510  5  748
 120000000. .004739119 140000000. .005129569 160000000. .005379662142510  5  749
 180000000. .005437287 200000000. .005532842 240000000. .005442080142510  5  750
 280000000. .005247106 320000000. .005218837 360000000. .005233381142510  5  751
 400000000. .005207932 440000000. .005255392 480000000. .005295015142510  5  752
 520000000. .005238169 560000000. .005205770 600000000. .005141336142510  5  753
 640000000. .005065314 680000000. .005048506 720000000. .005041457142510  5  754
 760000000. .005021172 800000000. .004920506 840000000. .004833994142510  5  755
 880000000. .004841995 920000000. .004805665 960000000. .004759807142510  5  756
 1.00000E+9 0.0                                                   142510  5  757
 0.0        0.0             11022          0          1         35142510  5  758
         35          1                                            142510  5  759
 40000000.0 2.78077E-4 45000000.0 .001972511 50000000.0 .006130657142510  5  760
 54000000.0 .009551701 55000000.0 .013897176 60000000.0 .022961906142510  5  761
 70000000.0 .027242369 80000000.0 .024559279 90000000.0 .022448782142510  5  762
 100000000. .022136269 120000000. .023392508 140000000. .024631032142510  5  763
 160000000. .025139450 180000000. .025048633 200000000. .024784888142510  5  764
 240000000. .024168327 280000000. .023317654 320000000. .022879766142510  5  765
 360000000. .022672528 400000000. .022513699 440000000. .022409349142510  5  766
 480000000. .022300200 520000000. .022237593 560000000. .022108437142510  5  767
 600000000. .021859312 640000000. .021695434 680000000. .021573238142510  5  768
 720000000. .021291865 760000000. .021006641 800000000. .020849683142510  5  769
 840000000. .020675682 880000000. .020490733 920000000. .020342333142510  5  770
 960000000. .020115245 1.00000E+9 0.0                             142510  5  771
 0.0        0.0             11023          0          1         36142510  5  772
         36          1                                            142510  5  773
 35000000.0 .012871385 40000000.0 .024781952 45000000.0 .029651758142510  5  774
 50000000.0 .029387052 54000000.0 .027631633 55000000.0 .024999756142510  5  775
 60000000.0 .020719492 70000000.0 .017702848 80000000.0 .017374968142510  5  776
 90000000.0 .018857077 100000000. .020887673 120000000. .022511474142510  5  777
 140000000. .022782580 160000000. .022771764 180000000. .022651792142510  5  778
 200000000. .022109994 240000000. .021468575 280000000. .020999738142510  5  779
 320000000. .020840293 360000000. .020878474 400000000. .020878524142510  5  780
 440000000. .020809986 480000000. .020718800 520000000. .020747358142510  5  781
 560000000. .020899344 600000000. .020921860 640000000. .020829121142510  5  782
 680000000. .020705572 720000000. .020466144 760000000. .020213573142510  5  783
 800000000. .020065179 840000000. .019932364 880000000. .019729178142510  5  784
 920000000. .019590830 960000000. .019490367 1.00000E+9 0.0       142510  5  785
 0.0        0.0             11024          0          1         33142510  5  786
         33          1                                            142510  5  787
 50000000.0 2.14773E-5 54000000.0 4.21403E-5 55000000.0 8.90974E-5142510  5  788
 60000000.0 4.05979E-4 70000000.0 .001145007 80000000.0 .001872534142510  5  789
 90000000.0 .002252067 100000000. .002356131 120000000. .002355822142510  5  790
 140000000. .002363420 160000000. .002359521 180000000. .002311678142510  5  791
 200000000. .002263039 240000000. .002270595 280000000. .002309270142510  5  792
 320000000. .002348625 360000000. .002384138 400000000. .002464181142510  5  793
 440000000. .002559968 480000000. .002660138 520000000. .002761313142510  5  794
 560000000. .002848592 600000000. .002903493 640000000. .002937155142510  5  795
 680000000. .002994439 720000000. .003021252 760000000. .002969549142510  5  796
 800000000. .002933011 840000000. .002935371 880000000. .002938653142510  5  797
 920000000. .002928718 960000000. .002917908 1.00000E+9 0.0       142510  5  798
 0.0        0.0             11025          0          1         32142510  5  799
         32          1                                            142510  5  800
 54000000.0 1.67468E-5 55000000.0 4.95262E-5 60000000.0 1.51424E-4142510  5  801
 70000000.0 2.36301E-4 80000000.0 2.34652E-4 90000000.0 2.10368E-4142510  5  802
 100000000. 1.84805E-4 120000000. 1.83219E-4 140000000. 1.91050E-4142510  5  803
 160000000. 1.95226E-4 180000000. 1.90773E-4 200000000. 1.92130E-4142510  5  804
 240000000. 2.05850E-4 280000000. 2.19586E-4 320000000. 2.39570E-4142510  5  805
 360000000. 2.60032E-4 400000000. 2.84844E-4 440000000. 3.01646E-4142510  5  806
 480000000. 3.24779E-4 520000000. 3.56126E-4 560000000. 3.87097E-4142510  5  807
 600000000. 4.04870E-4 640000000. 3.94844E-4 680000000. 4.12643E-4142510  5  808
 720000000. 4.29187E-4 760000000. 4.38748E-4 800000000. 4.55449E-4142510  5  809
 840000000. 4.63429E-4 880000000. 4.58595E-4 920000000. 4.41809E-4142510  5  810
 960000000. 4.35971E-4 1.00000E+9 0.0                             142510  5  811
 0.0        0.0             11026          0          1         18142510  5  812
         18          1                                            142510  5  813
 320000000. 3.11236E-6 360000000. 5.01527E-6 400000000. 6.59809E-6142510  5  814
 440000000. 9.28738E-6 480000000. 1.36393E-5 520000000. 1.67943E-5142510  5  815
 560000000. 1.98329E-5 600000000. 2.17308E-5 640000000. 2.45180E-5142510  5  816
 680000000. 2.84989E-5 720000000. 3.21934E-5 760000000. 2.97332E-5142510  5  817
 800000000. 2.85751E-5 840000000. 2.65553E-5 880000000. 2.36848E-5142510  5  818
 920000000. 2.75594E-5 960000000. 2.80748E-5 1.00000E+9 0.0       142510  5  819
 0.0        0.0             12020          0          1         20142510  5  820
         20          1                                            142510  5  821
 240000000. 2.30956E-6 280000000. 2.71950E-6 320000000. 3.12927E-6142510  5  822
 360000000. 2.94212E-6 400000000. 2.55434E-6 440000000. 2.59937E-6142510  5  823
 480000000. 2.64440E-6 520000000. 2.68942E-6 560000000. 2.50857E-6142510  5  824
 600000000. 2.54197E-6 640000000. 2.57083E-6 680000000. 3.29282E-6142510  5  825
 720000000. 3.79256E-6 760000000. 3.79863E-6 800000000. 3.34302E-6142510  5  826
 840000000. 2.62652E-6 880000000. 3.34868E-6 920000000. 3.59739E-6142510  5  827
 960000000. 3.59726E-6 1.00000E+9 0.0                             142510  5  828
 0.0        0.0             12021          0          1         27142510  5  829
         27          1                                            142510  5  830
 90000000.0 7.66915E-6 100000000. 1.60977E-5 120000000. 2.52235E-5142510  5  831
 140000000. 2.44631E-5 160000000. 2.50441E-5 180000000. 2.97946E-5142510  5  832
 200000000. 3.92618E-5 240000000. 4.44674E-5 280000000. 4.29336E-5142510  5  833
 320000000. 4.62704E-5 360000000. 5.05544E-5 400000000. 5.04429E-5142510  5  834
 440000000. 4.89107E-5 480000000. 4.99566E-5 520000000. 5.39761E-5142510  5  835
 560000000. 5.35884E-5 600000000. 5.08652E-5 640000000. 5.32533E-5142510  5  836
 680000000. 4.67063E-5 720000000. 3.93011E-5 760000000. 4.29941E-5142510  5  837
 800000000. 4.71740E-5 840000000. 5.34896E-5 880000000. 5.60363E-5142510  5  838
 920000000. 5.06049E-5 960000000. 4.60709E-5 1.00000E+9 0.0       142510  5  839
 0.0        0.0             12022          0          1         34142510  5  840
         34          1                                            142510  5  841
 45000000.0 1.81857E-5 50000000.0 3.64533E-5 54000000.0 5.04095E-5142510  5  842
 55000000.0 8.88392E-5 60000000.0 2.82004E-4 70000000.0 5.37808E-4142510  5  843
 80000000.0 6.54960E-4 90000000.0 6.71533E-4 100000000. 6.96933E-4142510  5  844
 120000000. 7.63614E-4 140000000. 8.09990E-4 160000000. 8.25644E-4142510  5  845
 180000000. 8.26712E-4 200000000. 8.19449E-4 240000000. 8.09570E-4142510  5  846
 280000000. 7.92344E-4 320000000. 7.71925E-4 360000000. 7.62950E-4142510  5  847
 400000000. 7.45331E-4 440000000. 7.21565E-4 480000000. 7.21006E-4142510  5  848
 520000000. 7.20660E-4 560000000. 7.10451E-4 600000000. 7.12368E-4142510  5  849
 640000000. 7.01825E-4 680000000. 6.82871E-4 720000000. 6.83159E-4142510  5  850
 760000000. 6.80149E-4 800000000. 6.53567E-4 840000000. 6.47891E-4142510  5  851
 880000000. 6.50309E-4 920000000. 6.38884E-4 960000000. 6.22902E-4142510  5  852
 1.00000E+9 0.0                                                   142510  5  853
 0.0        0.0             12023          0          1         36142510  5  854
         36          1                                            142510  5  855
 35000000.0 .001652339 40000000.0 .005779126 45000000.0 .010677563142510  5  856
 50000000.0 .013394260 54000000.0 .013852606 55000000.0 .013319830142510  5  857
 60000000.0 .012188308 70000000.0 .010760568 80000000.0 .009597287142510  5  858
 90000000.0 .009276745 100000000. .009596351 120000000. .009982175142510  5  859
 140000000. .010044868 160000000. .009948138 180000000. .009801415142510  5  860
 200000000. .009508144 240000000. .009103298 280000000. .008760459142510  5  861
 320000000. .008498790 360000000. .008283370 400000000. .008112601142510  5  862
 440000000. .007899894 480000000. .007626318 520000000. .007431455142510  5  863
 560000000. .007265760 600000000. .007107363 640000000. .006981695142510  5  864
 680000000. .006877187 720000000. .006817469 760000000. .006765686142510  5  865
 800000000. .006701350 840000000. .006604864 880000000. .006486533142510  5  866
 920000000. .006384309 960000000. .006358029 1.00000E+9 0.0       142510  5  867
 0.0        0.0             12024          0          1         37142510  5  868
         37          1                                            142510  5  869
 30000000.0 .104354876 35000000.0 .084838335 40000000.0 .058336340142510  5  870
 45000000.0 .041711946 50000000.0 .033422829 54000000.0 .030003447142510  5  871
 55000000.0 .028503095 60000000.0 .031964914 70000000.0 .040955152142510  5  872
 80000000.0 .047292259 90000000.0 .049171914 100000000. .048577639142510  5  873
 120000000. .047677196 140000000. .046588996 160000000. .045193679142510  5  874
 180000000. .043771220 200000000. .042075036 240000000. .040064144142510  5  875
 280000000. .038304286 320000000. .037084930 360000000. .036334161142510  5  876
 400000000. .035737765 440000000. .035044249 480000000. .034322789142510  5  877
 520000000. .033719989 560000000. .033394931 600000000. .033047883142510  5  878
 640000000. .032555263 680000000. .032177457 720000000. .031827775142510  5  879
 760000000. .031469376 800000000. .031075399 840000000. .030793861142510  5  880
 880000000. .030650719 920000000. .030387681 960000000. .030086415142510  5  881
 1.00000E+9 0.0                                                   142510  5  882
 0.0        0.0             12025          0          1         36142510  5  883
         36          1                                            142510  5  884
 35000000.0 8.79605E-4 40000000.0 .003692224 45000000.0 .012558336142510  5  885
 50000000.0 .025167740 54000000.0 .032411012 55000000.0 .038492269142510  5  886
 60000000.0 .047545879 70000000.0 .049440555 80000000.0 .044925820142510  5  887
 90000000.0 .041363126 100000000. .038205259 120000000. .035538196142510  5  888
 140000000. .033773886 160000000. .032636655 180000000. .031669218142510  5  889
 200000000. .030594035 240000000. .029581840 280000000. .028846518142510  5  890
 320000000. .028458689 360000000. .028174581 400000000. .027985143142510  5  891
 440000000. .027825247 480000000. .027562894 520000000. .027359741142510  5  892
 560000000. .027198173 600000000. .027003000 640000000. .026850596142510  5  893
 680000000. .026734543 720000000. .026479793 760000000. .026161513142510  5  894
 800000000. .025990423 840000000. .025853163 880000000. .025642926142510  5  895
 920000000. .025479766 960000000. .025393333 1.00000E+9 0.0       142510  5  896
 0.0        0.0             12026          0          1         36142510  5  897
         36          1                                            142510  5  898
 35000000.0 .005025043 40000000.0 .010062220 45000000.0 .012465135142510  5  899
 50000000.0 .012385458 54000000.0 .011668514 55000000.0 .010575305142510  5  900
 60000000.0 .008703254 70000000.0 .007233747 80000000.0 .006349862142510  5  901
 90000000.0 .005760634 100000000. .005292308 120000000. .004955631142510  5  902
 140000000. .004808742 160000000. .004708097 180000000. .004644925142510  5  903
 200000000. .004693679 240000000. .004873655 280000000. .005022388142510  5  904
 320000000. .005141436 360000000. .005281222 400000000. .005429601142510  5  905
 440000000. .005630719 480000000. .005839854 520000000. .005983791142510  5  906
 560000000. .006113218 600000000. .006254363 640000000. .006386209142510  5  907
 680000000. .006436881 720000000. .006433651 760000000. .006454368142510  5  908
 800000000. .006464246 840000000. .006486035 880000000. .006496332142510  5  909
 920000000. .006472740 960000000. .006419873 1.00000E+9 0.0       142510  5  910
 0.0        0.0             12027          0          1         20142510  5  911
         20          1                                            142510  5  912
 240000000. 9.25792E-6 280000000. 1.83625E-5 320000000. 3.04084E-5142510  5  913
 360000000. 5.04248E-5 400000000. 7.24906E-5 440000000. 9.51406E-5142510  5  914
 480000000. 1.15738E-4 520000000. 1.39949E-4 560000000. 1.69374E-4142510  5  915
 600000000. 1.81512E-4 640000000. 1.77098E-4 680000000. 1.80679E-4142510  5  916
 720000000. 1.94147E-4 760000000. 2.01498E-4 800000000. 2.02097E-4142510  5  917
 840000000. 2.03785E-4 880000000. 2.08514E-4 920000000. 2.20003E-4142510  5  918
 960000000. 2.23402E-4 1.00000E+9 0.0                             142510  5  919
 0.0        0.0             13022          0          1         24142510  5  920
         24          1                                            142510  5  921
 140000000. 2.95639E-6 160000000. 3.71865E-6 180000000. 3.50065E-6142510  5  922
 200000000. 3.17869E-6 240000000. 3.33920E-6 280000000. 4.34049E-6142510  5  923
 320000000. 4.16675E-6 360000000. 3.14947E-6 400000000. 2.76786E-6142510  5  924
 440000000. 3.24189E-6 480000000. 3.96174E-6 520000000. 3.13902E-6142510  5  925
 560000000. 2.27997E-6 600000000. 2.77192E-6 640000000. 4.20029E-6142510  5  926
 680000000. 5.88598E-6 720000000. 5.92561E-6 760000000. 4.75559E-6142510  5  927
 800000000. 4.28976E-6 840000000. 5.24999E-6 880000000. 6.46274E-6142510  5  928
 920000000. 6.47403E-6 960000000. 4.80758E-6 1.00000E+9 0.0       142510  5  929
 0.0        0.0             13023          0          1         32142510  5  930
         32          1                                            142510  5  931
 54000000.0 9.61312E-6 55000000.0 1.61886E-5 60000000.0 3.17137E-5142510  5  932
 70000000.0 4.13473E-5 80000000.0 4.43002E-5 90000000.0 4.56369E-5142510  5  933
 100000000. 5.38422E-5 120000000. 6.42332E-5 140000000. 6.83464E-5142510  5  934
 160000000. 6.91316E-5 180000000. 6.83479E-5 200000000. 7.92918E-5142510  5  935
 240000000. 7.98936E-5 280000000. 7.17512E-5 320000000. 7.78090E-5142510  5  936
 360000000. 8.35050E-5 400000000. 8.65887E-5 440000000. 8.61514E-5142510  5  937
 480000000. 8.47292E-5 520000000. 8.22256E-5 560000000. 7.97940E-5142510  5  938
 600000000. 8.00129E-5 640000000. 7.94197E-5 680000000. 8.22246E-5142510  5  939
 720000000. 8.59452E-5 760000000. 8.22607E-5 800000000. 8.00448E-5142510  5  940
 840000000. 8.29152E-5 880000000. 7.90238E-5 920000000. 8.14723E-5142510  5  941
 960000000. 8.44638E-5 1.00000E+9 0.0                             142510  5  942
 0.0        0.0             13024          0          1         37142510  5  943
         37          1                                            142510  5  944
 30000000.0 5.25164E-4 35000000.0 .001237695 40000000.0 .001461099142510  5  945
 45000000.0 .001293980 50000000.0 .001122488 54000000.0 .001033009142510  5  946
 55000000.0 9.33044E-4 60000000.0 8.26666E-4 70000000.0 7.96463E-4142510  5  947
 80000000.0 8.51819E-4 90000000.0 9.43982E-4 100000000. 9.96545E-4142510  5  948
 120000000. .001080721 140000000. .001171421 160000000. .001207163142510  5  949
 180000000. .001223584 200000000. .001222583 240000000. .001181827142510  5  950
 280000000. .001147965 320000000. .001119608 360000000. .001085242142510  5  951
 400000000. .001047427 440000000. .001003137 480000000. 9.76000E-4142510  5  952
 520000000. 9.37090E-4 560000000. 9.23147E-4 600000000. 9.29972E-4142510  5  953
 640000000. 8.98373E-4 680000000. 8.52350E-4 720000000. 8.35708E-4142510  5  954
 760000000. 8.39741E-4 800000000. 8.33922E-4 840000000. 8.14799E-4142510  5  955
 880000000. 7.99915E-4 920000000. 7.85643E-4 960000000. 7.88520E-4142510  5  956
 1.00000E+9 0.0                                                   142510  5  957
 0.0        0.0             13025          0          1         37142510  5  958
         37          1                                            142510  5  959
 30000000.0 .001704357 35000000.0 8.54721E-4 40000000.0 .001121337142510  5  960
 45000000.0 .002518127 50000000.0 .005000361 54000000.0 .006806167142510  5  961
 55000000.0 .008939038 60000000.0 .013070878 70000000.0 .016073229142510  5  962
 80000000.0 .016719803 90000000.0 .016582073 100000000. .016268341142510  5  963
 120000000. .015975725 140000000. .015652559 160000000. .015254652142510  5  964
 180000000. .014784125 200000000. .014224448 240000000. .013403839142510  5  965
 280000000. .012577054 320000000. .011981024 360000000. .011497933142510  5  966
 400000000. .011045653 440000000. .010654291 480000000. .010260681142510  5  967
 520000000. .009921248 560000000. .009635307 600000000. .009288290142510  5  968
 640000000. .008970442 680000000. .008800835 720000000. .008677355142510  5  969
 760000000. .008530087 800000000. .008383386 840000000. .008256027142510  5  970
 880000000. .008204917 920000000. .008196343 960000000. .008161498142510  5  971
 1.00000E+9 0.0                                                   142510  5  972
 0.0        0.0             13026          0          1         37142510  5  973
         37          1                                            142510  5  974
 30000000.0 .031117616 35000000.0 .085663635 40000000.0 .124716853142510  5  975
 45000000.0 .139144349 50000000.0 .137603164 54000000.0 .131569419142510  5  976
 55000000.0 .122359188 60000000.0 .106740113 70000000.0 .094197633142510  5  977
 80000000.0 .085793343 90000000.0 .078676622 100000000. .071637555142510  5  978
 120000000. .065838850 140000000. .062518835 160000000. .059918082142510  5  979
 180000000. .057460629 200000000. .055291492 240000000. .053183301142510  5  980
 280000000. .051187690 320000000. .049690854 360000000. .048493885142510  5  981
 400000000. .047442750 440000000. .046396570 480000000. .045432922142510  5  982
 520000000. .044556286 560000000. .043709358 600000000. .043080646142510  5  983
 640000000. .042513273 680000000. .041946286 720000000. .041405235142510  5  984
 760000000. .040948282 800000000. .040605586 840000000. .040295868142510  5  985
 880000000. .039989956 920000000. .039772624 960000000. .039568789142510  5  986
 1.00000E+9 0.0                                                   142510  5  987
 0.0        0.0             13027          0          1         37142510  5  988
         37          1                                            142510  5  989
 30000000.0 .270685719 35000000.0 .204684632 40000000.0 .152046832142510  5  990
 45000000.0 .121958900 50000000.0 .104175104 54000000.0 .094618067142510  5  991
 55000000.0 .085412491 60000000.0 .070594883 70000000.0 .060338454142510  5  992
 80000000.0 .055007926 90000000.0 .050570763 100000000. .046650766142510  5  993
 120000000. .044134278 140000000. .043050148 160000000. .042261122142510  5  994
 180000000. .041721355 200000000. .041968537 240000000. .042712994142510  5  995
 280000000. .043113038 320000000. .043881147 360000000. .044706365142510  5  996
 400000000. .045481789 440000000. .046540677 480000000. .047762850142510  5  997
 520000000. .049245181 560000000. .050935181 600000000. .052384633142510  5  998
 640000000. .053443302 680000000. .054245799 720000000. .054676171142510  5  999
 760000000. .054901359 800000000. .054998805 840000000. .054907915142510  5 1000
 880000000. .054721489 920000000. .054363099 960000000. .054024265142510  5 1001
 1.00000E+9 0.0                                                   142510  5 1002
 0.0        0.0             13028          0          1         20142510  5 1003
         20          1                                            142510  5 1004
 240000000. 1.08419E-5 280000000. 1.56812E-5 320000000. 2.50396E-5142510  5 1005
 360000000. 3.66527E-5 400000000. 4.40369E-5 440000000. 5.87819E-5142510  5 1006
 480000000. 7.15359E-5 520000000. 8.01610E-5 560000000. 9.52897E-5142510  5 1007
 600000000. 1.06562E-4 640000000. 1.16554E-4 680000000. 1.24622E-4142510  5 1008
 720000000. 1.28824E-4 760000000. 1.27849E-4 800000000. 1.32934E-4142510  5 1009
 840000000. 1.41194E-4 880000000. 1.41746E-4 920000000. 1.37862E-4142510  5 1010
 960000000. 1.39364E-4 1.00000E+9 0.0                             142510  5 1011
 0.0        0.0             14024          0          1         25142510  5 1012
         25          1                                            142510  5 1013
 120000000. 2.75114E-6 140000000. 4.42985E-6 160000000. 5.95060E-6142510  5 1014
 180000000. 6.13726E-6 200000000. 7.76289E-6 240000000. 9.82862E-6142510  5 1015
 280000000. 1.11808E-5 320000000. 9.79717E-6 360000000. 1.00404E-5142510  5 1016
 400000000. 1.29784E-5 440000000. 1.42762E-5 480000000. 1.27778E-5142510  5 1017
 520000000. 1.32056E-5 560000000. 1.70979E-5 600000000. 1.43555E-5142510  5 1018
 640000000. 1.21407E-5 680000000. 1.24948E-5 720000000. 1.34831E-5142510  5 1019
 760000000. 1.40310E-5 800000000. 1.40493E-5 840000000. 1.55312E-5142510  5 1020
 880000000. 1.65120E-5 920000000. 1.94060E-5 960000000. 1.68218E-5142510  5 1021
 1.00000E+9 0.0                                                   142510  5 1022
 0.0        0.0             14025          0          1         32142510  5 1023
         32          1                                            142510  5 1024
 54000000.0 6.41443E-6 55000000.0 7.78692E-6 60000000.0 2.23828E-5142510  5 1025
 70000000.0 5.12710E-5 80000000.0 7.99542E-5 90000000.0 1.05643E-4142510  5 1026
 100000000. 1.34717E-4 120000000. 1.68364E-4 140000000. 1.93440E-4142510  5 1027
 160000000. 2.14795E-4 180000000. 2.36802E-4 200000000. 2.51126E-4142510  5 1028
 240000000. 2.48176E-4 280000000. 2.26990E-4 320000000. 2.12951E-4142510  5 1029
 360000000. 2.10236E-4 400000000. 2.10889E-4 440000000. 2.03904E-4142510  5 1030
 480000000. 1.91510E-4 520000000. 1.84807E-4 560000000. 1.87404E-4142510  5 1031
 600000000. 1.80647E-4 640000000. 1.67740E-4 680000000. 1.67052E-4142510  5 1032
 720000000. 1.67435E-4 760000000. 1.69646E-4 800000000. 1.77271E-4142510  5 1033
 840000000. 1.71379E-4 880000000. 1.56127E-4 920000000. 1.54128E-4142510  5 1034
 960000000. 1.57136E-4 1.00000E+9 0.0                             142510  5 1035
 0.0        0.0             14026          0          1         37142510  5 1036
         37          1                                            142510  5 1037
 30000000.0 1.01465E-4 35000000.0 3.50419E-4 40000000.0 .001167657142510  5 1038
 45000000.0 .002537038 50000000.0 .003675150 54000000.0 .004110029142510  5 1039
 55000000.0 .004196208 60000000.0 .004153198 70000000.0 .004290212142510  5 1040
 80000000.0 .004600975 90000000.0 .004684214 100000000. .004659516142510  5 1041
 120000000. .004553878 140000000. .004400568 160000000. .004237902142510  5 1042
 180000000. .004045870 200000000. .003821876 240000000. .003517820142510  5 1043
 280000000. .003259067 320000000. .003096982 360000000. .002911833142510  5 1044
 400000000. .002733963 440000000. .002587603 480000000. .002470838142510  5 1045
 520000000. .002380664 560000000. .002276973 600000000. .002172093142510  5 1046
 640000000. .002096998 680000000. .002053528 720000000. .001998977142510  5 1047
 760000000. .001958284 800000000. .001944928 840000000. .001942640142510  5 1048
 880000000. .001919582 920000000. .001901155 960000000. .001892801142510  5 1049
 1.00000E+9 0.0                                                   142510  5 1050
 0.0        0.0             14027          0          1         37142510  5 1051
         37          1                                            142510  5 1052
 30000000.0 .152679130 35000000.0 .154767743 40000000.0 .139490737142510  5 1053
 45000000.0 .127151281 50000000.0 .117467144 54000000.0 .110334404142510  5 1054
 55000000.0 .102210281 60000000.0 .088775376 70000000.0 .080549569142510  5 1055
 80000000.0 .077138136 90000000.0 .072804714 100000000. .068064381142510  5 1056
 120000000. .064128928 140000000. .061369103 160000000. .058888510142510  5 1057
 180000000. .056685892 200000000. .054071194 240000000. .050902758142510  5 1058
 280000000. .047888636 320000000. .045645721 360000000. .044050975142510  5 1059
 400000000. .042695244 440000000. .041455570 480000000. .040246270142510  5 1060
 520000000. .039118719 560000000. .038208185 600000000. .037381485142510  5 1061
 640000000. .036602172 680000000. .036026486 720000000. .035628721142510  5 1062
 760000000. .035387898 800000000. .035178350 840000000. .035059109142510  5 1063
 880000000. .035080237 920000000. .035152241 960000000. .035190490142510  5 1064
 1.00000E+9 0.0                                                   142510  5 1065
 0.0        0.0             14028          0          1         37142510  5 1066
         37          1                                            142510  5 1067
 30000000.0 .121628800 35000000.0 .086787649 40000000.0 .064154259142510  5 1068
 45000000.0 .050346958 50000000.0 .041866704 54000000.0 .037475278142510  5 1069
 55000000.0 .033461560 60000000.0 .026858417 70000000.0 .021371234142510  5 1070
 80000000.0 .017729459 90000000.0 .015053471 100000000. .012653993142510  5 1071
 120000000. .010632069 140000000. .009277027 160000000. .008202156142510  5 1072
 180000000. .007455798 200000000. .006814216 240000000. .006061351142510  5 1073
 280000000. .005411063 320000000. .004968148 360000000. .004654191142510  5 1074
 400000000. .004380890 440000000. .004190229 480000000. .004082875142510  5 1075
 520000000. .004063790 560000000. .004105117 600000000. .004136086142510  5 1076
 640000000. .004197285 680000000. .004295451 720000000. .004404392142510  5 1077
 760000000. .004493223 800000000. .004555013 840000000. .004617440142510  5 1078
 880000000. .004658993 920000000. .004688791 960000000. .004707677142510  5 1079
 1.00000E+9 0.0                                                   142510  5 1080
 0.0        0.0             15025          0          1         14142510  5 1081
         14          1                                            142510  5 1082
 480000000. 2.27725E-6 520000000. 2.47001E-6 560000000. 2.66276E-6142510  5 1083
 600000000. 2.54454E-6 640000000. 2.33608E-6 680000000. 3.29282E-6142510  5 1084
 720000000. 4.02566E-6 760000000. 3.56148E-6 800000000. 3.09732E-6142510  5 1085
 840000000. 2.62963E-6 880000000. 2.39220E-6 920000000. 2.39220E-6142510  5 1086
 960000000. 2.39220E-6 1.00000E+9 0.0                             142510  5 1087
 0.0        0.0             15026          0          1         29142510  5 1088
         29          1                                            142510  5 1089
 70000000.0 4.36268E-6 80000000.0 7.65636E-6 90000000.0 1.19493E-5142510  5 1090
 100000000. 2.04878E-5 120000000. 2.73241E-5 140000000. 3.20101E-5142510  5 1091
 160000000. 3.82034E-5 180000000. 3.77599E-5 200000000. 3.84947E-5142510  5 1092
 240000000. 4.23308E-5 280000000. 4.21036E-5 320000000. 3.99170E-5142510  5 1093
 360000000. 3.79715E-5 400000000. 3.66159E-5 440000000. 3.33351E-5142510  5 1094
 480000000. 2.90668E-5 520000000. 2.97797E-5 560000000. 3.41983E-5142510  5 1095
 600000000. 3.10050E-5 640000000. 2.61691E-5 680000000. 2.66174E-5142510  5 1096
 720000000. 2.88850E-5 760000000. 2.75799E-5 800000000. 2.33683E-5142510  5 1097
 840000000. 2.24524E-5 880000000. 2.10846E-5 920000000. 1.70309E-5142510  5 1098
 960000000. 1.63079E-5 1.00000E+9 0.0                             142510  5 1099
 0.0        0.0             15027          0          1         36142510  5 1100
         36          1                                            142510  5 1101
 35000000.0 3.41767E-4 40000000.0 6.93407E-4 45000000.0 9.66394E-4142510  5 1102
 50000000.0 .001112070 54000000.0 .001140880 55000000.0 .001100789142510  5 1103
 60000000.0 9.91549E-4 70000000.0 .001011230 80000000.0 .001124392142510  5 1104
 90000000.0 .001140239 100000000. .001086927 120000000. 9.98562E-4142510  5 1105
 140000000. 9.33199E-4 160000000. 8.65473E-4 180000000. 7.97293E-4142510  5 1106
 200000000. 7.18063E-4 240000000. 6.22706E-4 280000000. 5.72885E-4142510  5 1107
 320000000. 5.27022E-4 360000000. 4.71335E-4 400000000. 4.21744E-4142510  5 1108
 440000000. 3.80332E-4 480000000. 3.49148E-4 520000000. 3.24169E-4142510  5 1109
 560000000. 3.03044E-4 600000000. 2.78004E-4 640000000. 2.56305E-4142510  5 1110
 680000000. 2.38984E-4 720000000. 2.19828E-4 760000000. 2.14788E-4142510  5 1111
 800000000. 2.14043E-4 840000000. 2.04791E-4 880000000. 2.01341E-4142510  5 1112
 920000000. 1.92566E-4 960000000. 1.83528E-4 1.00000E+9 0.0       142510  5 1113
 0.0        0.0             15028          0          1         37142510  5 1114
         37          1                                            142510  5 1115
 30000000.0 .025559833 35000000.0 .019369671 40000000.0 .014738329142510  5 1116
 45000000.0 .011732101 50000000.0 .009847133 54000000.0 .008839651142510  5 1117
 55000000.0 .007916671 60000000.0 .006357459 70000000.0 .005045213142510  5 1118
 80000000.0 .004180809 90000000.0 .003523367 100000000. .002919052142510  5 1119
 120000000. .002427463 140000000. .002117164 160000000. .001874664142510  5 1120
 180000000. .001723018 200000000. .001555468 240000000. .001404258142510  5 1121
 280000000. .001391972 320000000. .001351529 360000000. .001188785142510  5 1122
 400000000. .001019284 440000000. 8.66919E-4 480000000. 7.47042E-4142510  5 1123
 520000000. 6.64503E-4 560000000. 6.05873E-4 600000000. 5.56892E-4142510  5 1124
 640000000. 5.15674E-4 680000000. 4.80764E-4 720000000. 4.51701E-4142510  5 1125
 760000000. 4.33936E-4 800000000. 4.18319E-4 840000000. 3.96449E-4142510  5 1126
 880000000. 3.76894E-4 920000000. 3.59169E-4 960000000. 3.42885E-4142510  5 1127
 1.00000E+9 0.0                                                   142510  5 1128
 0.0        0.0             16027          0          1         10142510  5 1129
         10          1                                            142510  5 1130
 640000000. 2.32420E-6 680000000. 2.32420E-6 720000000. 2.32420E-6142510  5 1131
 760000000. 2.32420E-6 800000000. 2.32420E-6 840000000. 2.32420E-6142510  5 1132
 880000000. 2.32420E-6 920000000. 2.32420E-6 960000000. 2.32420E-6142510  5 1133
 1.00000E+9 0.0                                                   142510  5 1134
                                                                  142510  099999
                                                                  1425 0  0    0
                                                                     0 0  0    0
                                                                    -1 0  0    0
