1.96403E7
1.73325E7
1.69046E7
1.64872E7
1.56831E7
1.49182E7
1.45499E7
1.41907E7
1.38403E7
1.34986E7
1.28403E7
1.25232E7
1.22140E7
1.16183E7
1.10517E7
1.05127E7
1.00000E7
9.51229E6
9.04837E6
8.60708E6
8.18731E6
7.78801E6
7.40818E6
7.04688E6
6.70320E6
6.59241E6
6.37628E6
6.06531E6
5.76950E6
5.48812E6
5.22046E6
4.96585E6
4.72367E6
4.49329E6
4.06570E6
3.67879E6
3.32871E6
3.16637E6
3.01194E6
2.86505E6
2.72532E6
2.59240E6
2.46597E6
2.38513E6
2.36533E6
2.34570E6
2.30693E6
2.23130E6
2.12248E6
2.01897E6
1.92050E6
1.82684E6
1.73774E6
1.65299E6
1.57237E6
1.49569E6
1.42274E6
1.35335E6
1.28735E6
1.22456E6
1.16484E6
1.10803E6
1.00259E6
9.61672E5
9.07180E5
8.62936E5
8.20850E5
7.80817E5
7.42736E5
7.06512E5
6.72055E5
6.39279E5
6.08101E5
5.78443E5
5.50232E5
5.23397E5
4.97871E5
4.50492E5
4.07622E5
3.87742E5
3.68832E5
3.33733E5
3.01974E5
2.98491E5
2.97211E5
2.94518E5
2.87246E5
2.73237E5
2.47235E5
2.35177E5
2.23708E5
2.12797E5
2.02419E5
1.92547E5
1.83156E5
1.74224E5
1.65727E5
1.57644E5
1.49956E5
1.42642E5
1.35686E5
1.29068E5
1.22773E5
1.16786E5
1.11090E5
9.80365E4
8.65170E4
8.25034E4
7.94987E4
7.20245E4
6.73795E4
5.65622E4
5.24752E4
4.63092E4
4.08677E4
3.43067E4
3.18278E4
2.85011E4
2.70001E4
2.60584E4
2.47875E4
2.41755E4
2.35786E4
2.18749E4
1.93045E4
1.50344E4
1.17088E4
1.05946E4
9.11882E3
7.10174E3
5.53084E3
4.30742E3
3.70744E3
3.35463E3
3.03539E3
2.74654E3
2.61259E3
2.48517E3
2.24867E3
2.03468E3
1.58461E3
1.23410E3
9.61117E2
7.48518E2
5.82947E2
4.53999E2
3.53575E2
2.75364E2
2.14454E2
1.67017E2
1.30073E2
1.01301E2
7.88932E1
6.14421E1
4.78512E1
3.72665E1
2.90232E1
2.26033E1
1.76035E1
1.37096E1
1.06770E1
8.31529
6.47595
5.04348
3.92786
3.05902
2.38237
1.85539
1.44498
1.12535
8.76425E-1
6.82560E-1
5.31579E-1
4.13994E-1
1.00001E-1
1.0E-5 

0.000000000E+00
0.000000000E+00
0.000000000E+00
3.629750000E-11
2.472110000E-07
2.921740000E-06
1.158050000E-05
1.646810000E-05
9.186510000E-06
2.831650000E-06
1.964470000E-07
1.685010000E-07
2.951760000E-07
2.815960000E-07
3.025340000E-07
3.057240000E-07
3.265330000E-07
3.449260000E-07
3.548430000E-07
3.685140000E-07
3.878490000E-07
4.050910000E-07
4.132680000E-07
4.185610000E-07
1.406360000E-07
2.801610000E-07
4.157360000E-07
4.107910000E-07
4.111450000E-07
4.137370000E-07
4.192410000E-07
4.327960000E-07
4.422420000E-07
9.433530000E-07
1.050110000E-06
1.200580000E-06
6.806210000E-07
7.479150000E-07
8.040590000E-07
8.755070000E-07
9.549350000E-07
1.036900000E-06
7.327900000E-07
1.923870000E-07
1.950580000E-07
4.009980000E-07
8.216850000E-07
1.285780000E-06
1.400960000E-06
1.491370000E-06
1.589330000E-06
1.763510000E-06
1.845970000E-06
1.978150000E-06
2.162340000E-06
2.295180000E-06
2.452380000E-06
2.624170000E-06
2.942280000E-06
3.106270000E-06
3.310060000E-06
7.156270000E-06
3.144550000E-06
4.798830000E-06
4.410390000E-06
4.791770000E-06
5.114360000E-06
5.262290000E-06
5.394690000E-06
5.535070000E-06
5.639130000E-06
5.724820000E-06
5.795070000E-06
5.844030000E-06
5.887910000E-06
5.876480000E-06
1.147050000E-05
1.057960000E-05
5.703650000E-06
5.664500000E-06
1.137200000E-05
1.112150000E-05
1.254780000E-06
4.651690000E-07
9.804460000E-07
2.683810000E-06
5.355560000E-06
1.048450000E-05
5.118920000E-06
5.081420000E-06
5.029660000E-06
4.968160000E-06
4.881950000E-06
4.789190000E-06
4.724190000E-06
4.677860000E-06
4.668590000E-06
4.636220000E-06
4.540960000E-06
4.383300000E-06
4.310570000E-06
4.242110000E-06
4.177620000E-06
4.107090000E-06
9.893170000E-06
9.447660000E-06
3.444580000E-06
2.640040000E-06
6.816940000E-06
4.438360000E-06
1.109790000E-05
4.539500000E-06
7.325860000E-06
7.077950000E-06
9.438290000E-06
3.886250000E-06
5.563850000E-06
2.663530000E-06
1.724840000E-06
2.404040000E-06
1.190690000E-06
1.183190000E-06
3.507490000E-06
5.707620000E-06
1.078360000E-05
1.007570000E-05
3.859760000E-06
5.595800000E-06
8.689470000E-06
8.020560000E-06
7.342220000E-06
4.265400000E-06
2.656220000E-06
2.368320000E-06
2.883180000E-06
1.197430000E-06
1.552810000E-06
2.577210000E-06
2.131090000E-06
5.954170000E-06
4.898560000E-06
3.983910000E-06
4.154590000E-06
4.095450000E-06
4.042780000E-06
3.683150000E-06
3.015290000E-06
2.355870000E-06
2.239560000E-06
2.348620000E-06
1.981960000E-06
2.495130000E-06
2.390650000E-06
1.999500000E-06
1.570415208E-06
1.236265151E-06
9.759918066E-07
7.733044133E-07
6.154797593E-07
4.925413311E-07
3.967857448E-07
3.222239354E-07
2.641549444E-07
2.189291358E-07
1.837082548E-07
1.562760000E-07
1.360980000E-07
1.078380000E-07
8.275170000E-08
6.172350000E-08
4.623290000E-08
3.374890000E-08
2.443000000E-08
5.211810000E-08
7.562610000E-09
1.0
spherical model cell  10
