 125
 1.000E+04 1.500E+04 2.000E+04 2.500E+04 3.000E+04 3.500E+04
 4.000E+04 4.500E+04 5.000E+04 5.500E+04 6.000E+04 6.500E+04
 7.000E+04 7.500E+04 8.000E+04 8.500E+04 9.000E+04 9.500E+04
 1.000E+05 1.200E+05 1.400E+05 1.600E+05 1.800E+05 2.000E+05
 2.200E+05 2.400E+05 2.600E+05 2.800E+05 3.000E+05 3.250E+05
 3.500E+05 3.750E+05 4.000E+05 4.250E+05 4.500E+05 4.750E+05
 5.000E+05 5.250E+05 5.500E+05 5.750E+05 6.000E+05 6.250E+05
 6.500E+05 6.750E+05 7.000E+05 7.250E+05 7.500E+05 7.750E+05
 8.000E+05 8.250E+05 8.500E+05 8.750E+05 9.000E+05 9.250E+05
 9.500E+05 9.750E+05 1.000E+06 1.125E+06 1.250E+06 1.375E+06
 1.500E+06 1.625E+06 1.750E+06 1.875E+06 2.000E+06 2.125E+06
 2.250E+06 2.375E+06 2.500E+06 2.625E+06 2.750E+06 2.875E+06
 3.000E+06 3.125E+06 3.250E+06 3.375E+06 3.500E+06 3.625E+06
 3.750E+06 3.875E+06 4.000E+06 4.200E+06 4.400E+06 4.600E+06
 4.800E+06 5.000E+06 5.200E+06 5.400E+06 5.600E+06 5.800E+06
 6.000E+06 6.200E+06 6.400E+06 6.600E+06 6.800E+06 7.000E+06
 7.200E+06 7.400E+06 7.600E+06 7.800E+06 8.000E+06 8.200E+06
 8.400E+06 8.600E+06 8.800E+06 9.000E+06 9.200E+06 9.400E+06
 9.600E+06 9.800E+06 1.000E+07 1.100E+07 1.200E+07 1.300E+07
 1.400E+07 1.500E+07 1.600E+07 1.700E+07 1.800E+07 1.900E+07
 2.000E+07 2.200E+07 2.400E+07 2.600E+07 2.800E+07 3.000E+07
