 0.00000E+00
 0.00000E+00
 0.00000E+00
 0.00000E+00
 0.00000E+00
 0.00000E+00
 0.00000E+00
 0.00000E+00
 0.00000E+00
 0.00000E+00
 0.00000E+00
 0.00000E+00
 0.00000E+00
 0.00000E+00
 0.00000E+00
 3.82211E+14
 3.74865E+14
 3.67797E+14
 3.60073E+14
 3.52667E+14
 3.45140E+14
 3.37525E+14
 3.30238E+14
 3.22325E+14
 3.14782E+14
 3.07040E+14
 2.99152E+14
 2.91659E+14
 2.83344E+14
 2.75490E+14
 2.67417E+14
 2.59199E+14
 2.51471E+14
 2.42747E+14
 2.34608E+14
 8.24079E+13
 5.02287E+14
 8.81894E+13
 8.44735E+13
 1.58496E+14
 1.45424E+14
 6.81632E+13
 6.53029E+13
 6.26222E+13
 5.99616E+13
 1.12560E+14
 5.27811E+13
 5.05668E+13
 9.49626E+13
 8.71919E+13
 8.01377E+13
 7.36446E+13
 6.76908E+13
 6.22292E+13
 5.72342E+13
 5.26031E+13
 4.84697E+13
 4.45112E+13
 4.09908E+13
 3.77756E+13
 1.19124E+13
 2.28767E+13
 3.20249E+13
 2.95110E+13
 2.71860E+13
 2.50502E+13
 2.30963E+13
 2.12858E+13
 1.96371E+13
 3.48090E+13
 2.96836E+13
 2.53195E+13
 1.12293E+13
 1.03705E+13
 9.58402E+12
 8.85989E+12
 8.18882E+12
 7.57604E+12
 4.72328E+12
 1.14222E+12
 1.12683E+12
 2.20940E+12
 4.24959E+12
 5.97180E+12
 5.52967E+12
 5.12535E+12
 4.74758E+12
 4.40471E+12
 4.08516E+12
 3.78929E+12
 3.51728E+12
 3.26683E+12
 3.03507E+12
 2.81991E+12
 2.62181E+12
 2.43930E+12
 2.27023E+12
 4.08468E+12
 0.00000E+00
 0.00000E+00
 0.00000E+00
 0.00000E+00
 0.00000E+00
 0.00000E+00
 0.00000E+00
 0.00000E+00
 0.00000E+00
 0.00000E+00
 0.00000E+00
 0.00000E+00
 0.00000E+00
 0.00000E+00
 0.00000E+00
 0.00000E+00
 0.00000E+00
 0.00000E+00
 0.00000E+00
 0.00000E+00
 0.00000E+00
 0.00000E+00
 0.00000E+00
 0.00000E+00
 0.00000E+00
 0.00000E+00
 0.00000E+00
 0.00000E+00
 0.00000E+00
 0.00000E+00
 0.00000E+00
 0.00000E+00
 0.00000E+00
 0.00000E+00
 0.00000E+00
 0.00000E+00
 0.00000E+00
 0.00000E+00
 0.00000E+00
 0.00000E+00
 0.00000E+00
 0.00000E+00
 0.00000E+00
 0.00000E+00
 0.00000E+00
 0.00000E+00
 0.00000E+00
 0.00000E+00
 0.00000E+00
 0.00000E+00
 0.00000E+00
 0.00000E+00
 0.00000E+00
 0.00000E+00
 0.00000E+00
 0.00000E+00
 0.00000E+00
 0.00000E+00
 0.00000E+00
 0.00000E+00
 0.00000E+00
 0.00000E+00
 0.00000E+00
 0.00000E+00
 0.00000E+00
 0.00000E+00
 0.00000E+00
 0.00000E+00
 0.00000E+00
 0.00000E+00
 0.00000E+00
 0.00000E+00
 0.00000E+00
 0.00000E+00
 0.00000E+00
 0.00000E+00
 0.00000E+00
 0.00000E+00
 0.00000E+00
 0.00000E+00
 0.00000E+00
 0.00000E+00
 0.00000E+00
 0.00000E+00
 0.00000E+00
 0.00000E+00
 0.00000E+00
 0.00000E+00
 0.00000E+00
 0.00000E+00
 0.00000E+00
 0.00000E+00
 0.00000E+00
 0.00000E+00
 0.00000E+00
 0.00000E+00
 0.00000E+00
 0.00000E+00
 0.00000E+00
 0.00000E+00
 0.00000E+00
 0.00000E+00
 0.00000E+00
 0.00000E+00
 0.00000E+00
 0.00000E+00
 0.00000E+00
 0.00000E+00
 0.00000E+00
 0.00000E+00
 0.00000E+00
 0.00000E+00
 0.00000E+00
  1.0
 IFMIF 40MeV d on Cu tot=8.90979E+15
