  0.0000E+00  0.0000E+00  0.0000E+00  0.0000E+00  0.0000E+00  0.0000E+00
  0.0000E+00  0.0000E+00  3.1882E+12  6.7367E+10  7.2390E+10  9.4111E+10
  4.5078E+10  2.8951E+10  3.0719E+10  3.6899E+10  3.1386E+10  1.9161E+10
  1.7446E+10  2.0599E+10  2.1533E+10  2.0017E+10  2.2280E+10  2.8659E+10
  3.0748E+10  3.6489E+10  3.9383E+10  4.2280E+10  3.9651E+10  4.5832E+10
  4.1367E+10  4.3735E+10  4.2324E+10  4.0455E+10  3.9854E+10  4.0071E+10
  4.0331E+10  4.1828E+10  4.5559E+10  4.5280E+10  4.3270E+10  4.8564E+10
  4.9284E+10  5.2436E+10  5.4093E+10  6.0359E+10  7.3209E+10  7.0859E+10
  5.8141E+10  5.9382E+10  6.6018E+10  6.7953E+10  7.3300E+10  6.3161E+10
  5.8451E+10  7.5097E+10  7.2319E+10  7.1564E+10  7.1499E+10  6.9773E+10
  6.4371E+10  5.9163E+10  6.1129E+10  7.1635E+10  8.5701E+10  8.5880E+10
  8.6850E+10  7.8002E+10  6.2920E+10  5.4164E+10  4.8346E+10  5.8667E+10
  7.2447E+10  7.9708E+10  7.6469E+10  6.9571E+10  7.3872E+10  7.1444E+10
  5.9849E+10  5.3046E+10  5.8458E+10  5.8791E+10  5.8792E+10  4.1615E+10
  3.3710E+10  3.6349E+10  3.8744E+10  3.7584E+10  3.5663E+10  3.4704E+10
  2.9942E+10  2.9941E+10  1.9006E+10  3.4012E+10  4.3388E+10  4.5072E+10
  3.8832E+10  3.2404E+10  2.7341E+10  2.1878E+10  2.1609E+10  3.0855E+10
  3.4859E+10  2.9406E+10  2.4140E+10  1.4135E+10  1.2026E+10  1.1496E+10
  1.7420E+10  4.1587E+10  5.5576E+10  3.9059E+10  2.3900E+10  3.0556E+10
  2.4525E+10  2.4525E+10  1.5470E+10  8.6441E+09  8.6440E+09  8.6472E+09
  1.5164E+10  2.8979E+10  3.6026E+10  3.9440E+10  3.6285E+10  3.1819E+10
  2.9193E+10  2.6817E+10  2.3099E+10  2.1361E+10  1.6241E+10  1.3412E+10
  1.1504E+10  1.0013E+10  7.1755E+09  5.4139E+09  4.1542E+09  3.1612E+09
  1.6616E+09  4.1959E+09  5.8353E+09  1.8190E+10  2.6890E+10  2.7472E+10
  2.4176E+10  1.8310E+10  1.3960E+10  1.1930E+10  9.3985E+09  8.8707E+09
  8.2920E+09  7.7057E+09  7.8013E+09  7.4246E+09  7.0456E+09  7.1415E+09
  7.2530E+09  6.8507E+09  6.7868E+09  6.9631E+09  6.9491E+09  6.8979E+09
  7.0258E+09  7.2579E+09  7.3765E+09  7.3194E+09  7.0451E+09  7.0452E+09
  7.1680E+09  7.1684E+09  6.7780E+09  6.6952E+09  7.0509E+09  6.8893E+09
  6.6248E+09  6.6247E+09  5.2934E+09  5.0642E+09  5.3259E+09  6.9313E+09
  6.9316E+09  6.6783E+09  6.7555E+09  6.9224E+09  6.6401E+09  6.5237E+09
  6.4244E+09  6.4313E+09  6.3925E+09  6.3442E+09  6.3416E+09  6.5132E+09
  6.6615E+09  6.6124E+09  6.9415E+09  6.3997E+09  6.6479E+09  6.8005E+09
  6.6226E+09  6.5242E+09  6.5217E+09  6.3661E+09  6.3663E+09  6.5030E+09
  6.5571E+09  6.5577E+09  6.3536E+09  6.0702E+09  6.0412E+09  6.2245E+09
  6.2896E+09  6.2344E+09  6.1901E+09  6.0146E+09  5.7556E+09  5.8359E+09
  6.1065E+09  5.9805E+09  5.9804E+09  6.0152E+09  6.0623E+09  6.0621E+09
  6.1195E+09  5.9558E+09  5.8026E+09  5.8329E+09  6.3472E+09  6.2062E+09
  5.8489E+09  5.8491E+09  5.7421E+09  5.6613E+09  5.6614E+09  5.7892E+09
  5.8116E+09  5.8113E+09  5.7557E+09  5.7555E+09  5.7233E+09  5.6799E+09
  5.6796E+09  5.6902E+09  5.7418E+09  5.7417E+09  5.7155E+09  5.7154E+09
  5.7119E+09  5.7012E+09  5.7017E+09  5.4642E+09  5.4422E+09  5.6088E+09
  5.6089E+09  5.6873E+09  5.8060E+09  6.0567E+09  5.6630E+09  5.6631E+09
  5.6636E+09  5.5432E+09  5.7179E+09  5.8017E+09  5.8007E+09  5.7507E+09
  5.7017E+09  5.6311E+09  5.4492E+09  5.4645E+09  5.5883E+09  5.4015E+09
  5.2440E+09  5.4919E+09  5.5354E+09  5.3995E+09  5.3494E+09  5.4081E+09
  5.3765E+09  5.6483E+09  5.5191E+09  5.1313E+09  5.1317E+09  5.3579E+09
  5.3433E+09  5.1332E+09  5.1127E+09  5.1125E+09  5.1999E+09  5.2200E+09
  5.2354E+09  5.2301E+09  5.2246E+09  5.1482E+09  4.9490E+09  5.0960E+09
  4.9963E+09  4.9963E+09  5.0363E+09  5.0411E+09  5.0216E+09  5.0127E+09
  5.1215E+09  5.2152E+09  5.0824E+09  5.0741E+09  5.0004E+09  4.7340E+09
  4.7674E+09  4.9852E+09  4.9856E+09  4.8565E+09  4.8358E+09  5.0082E+09
  5.0083E+09  5.2404E+09  5.2837E+09  5.0302E+09  5.0779E+09  5.0535E+09
  4.7826E+09  4.6351E+09  4.7689E+09  4.8394E+09  4.7721E+09  4.8216E+09
  4.8863E+09  4.7601E+09  4.6207E+09  4.5747E+09  4.4755E+09  4.3756E+09
  4.4245E+09  4.7372E+09  4.8078E+09  4.5843E+09  4.2983E+09  4.3272E+09
  4.4416E+09  4.4853E+09  4.4854E+09  4.4561E+09  4.4204E+09  4.4868E+09
  4.6575E+09  4.6337E+09  4.4381E+09  4.4380E+09  4.4383E+09  4.4567E+09
  4.5456E+09  4.3279E+09  4.0629E+09  4.1639E+09  4.3018E+09  4.2408E+09
  4.1239E+09  4.0909E+09  4.1098E+09  4.4314E+09  3.8850E+09  3.9265E+09
  4.1994E+09  4.1021E+09  3.9129E+09  3.8516E+09  4.6376E+09  4.1826E+09
  3.9957E+09  4.0028E+09  4.0199E+09  4.1276E+09  4.0326E+09  3.9052E+09
  3.8881E+09  3.8941E+09  3.7701E+09  3.7153E+09  3.8787E+09  3.9212E+09
  3.9212E+09  4.0424E+09  3.8087E+09  3.7456E+09  3.5892E+09  3.5891E+09
  3.4227E+09  3.4735E+09  3.6119E+09  3.6909E+09  3.6356E+09  3.5219E+09
  3.5218E+09  3.7565E+09  3.7881E+09  3.5964E+09  3.4402E+09  3.4402E+09
  3.4007E+09  3.3850E+09  3.4074E+09  3.5671E+09  3.5675E+09  3.5672E+09
  3.5222E+09  3.5125E+09  3.5123E+09  3.5456E+09  3.6717E+09  3.6717E+09
  3.6720E+09  3.6745E+09  3.6805E+09  3.6812E+09  3.6811E+09  3.6950E+09
  3.6954E+09  3.6955E+09  3.8965E+09  4.5391E+09  4.6215E+09  4.6216E+09
  4.6216E+09  4.1596E+09  3.1983E+09  3.1982E+09  3.1983E+09  3.1982E+09
  3.1982E+09  2.7979E+09  2.4603E+09  2.4603E+09  2.4602E+09  2.4603E+09
  2.4603E+09  2.4602E+09  2.0223E+09  1.8098E+09  1.8099E+09  1.8098E+09
  1.8098E+09  1.8099E+09  1.6071E+09  1.3280E+09  1.0093E+09  9.5573E+08
  9.5575E+08  9.5574E+08  9.5581E+08  9.5571E+08  9.5579E+08  9.5570E+08
  9.3705E+08  5.9161E+08  5.9162E+08  5.9162E+08  5.9159E+08  5.9167E+08
  5.9160E+08  3.3832E+08  2.7683E+08  2.7678E+08  2.7685E+08  2.7681E+08
  2.7681E+08  2.7678E+08  2.7681E+08  2.7682E+08  1.1940E+08  1.1940E+08
  1.1940E+08  1.1940E+08  1.1940E+08  1.1940E+08  1.1940E+08  1.1940E+08
  1.1940E+08  1.1940E+08  1.1939E+08  1.1940E+08  1.1790E+08  3.6795E+07
  3.6794E+07  3.6794E+07  3.6795E+07  3.6794E+07  3.6795E+07  3.6794E+07
  3.6795E+07  3.6794E+07  3.6794E+07  3.6795E+07  3.6793E+07  3.6795E+07
  6.5475E+06  1.4624E+06  1.4624E+06  1.4624E+06  1.4625E+06  1.4623E+06
  1.4624E+06  1.4623E+06  1.4625E+06  1.4624E+06  1.4624E+06  1.4624E+06
  1.4623E+06  1.4625E+06  1.4624E+06  1.4624E+06  1.4625E+06  1.4622E+06
  1.4626E+06  1.4624E+06  1.4624E+06  1.4622E+06  1.4624E+06  1.4624E+06
  1.4624E+06  1.4624E+06  1.4624E+06  1.4624E+06  1.4624E+06  1.4624E+06
  1.4624E+06  1.4624E+06  1.4624E+06  1.4624E+06  1.4624E+06  1.4624E+06
  1.4624E+06  1.4624E+06  1.4624E+06  1.4624E+06  1.4624E+06  1.4624E+06
  1.4624E+06  1.4624E+06  1.4624E+06  1.4624E+06  1.4624E+06  1.4624E+06
  1.4624E+06  1.4624E+06  1.4624E+06  1.4624E+06  1.4624E+06  1.4624E+06
  1.4625E+06  1.4623E+06  1.4625E+06  1.4623E+06  1.4625E+06  1.4624E+06
  1.4624E+06  1.4624E+06  1.4623E+06  1.4625E+06  1.4624E+06  1.4624E+06
  1.4625E+06  1.4622E+06  1.4624E+06  1.4626E+06  1.4624E+06  1.3610E+06
  7.7700E+03  7.7702E+03  7.7699E+03  7.7700E+03  7.7699E+03  7.7700E+03
  7.7701E+03  7.7698E+03  7.7701E+03  7.7700E+03  7.7701E+03  7.7699E+03
  7.7698E+03  7.7701E+03  7.7700E+03  7.7699E+03  7.7702E+03  7.7699E+03
  7.7700E+03  7.7698E+03  7.7702E+03  7.7699E+03  7.7701E+03  7.7698E+03
  7.7699E+03  7.7701E+03  7.7698E+03  7.7702E+03  7.7700E+03  7.7698E+03
  7.7699E+03  7.7699E+03  7.7704E+03  7.7696E+03  7.7703E+03  7.7695E+03
  7.7705E+03  7.7699E+03  7.7700E+03  7.7700E+03  7.7696E+03  7.7706E+03
  7.7698E+03  7.7698E+03  7.7705E+03  7.7690E+03  7.7698E+03  7.7712E+03
  7.7699E+03  7.7692E+03  7.7700E+03  7.7702E+03
 1.000
FW. 315 GROUP TOT=1.02816E+13                                                             
