 0.0000E+00 0.0000E+00 0.0000E+00 0.0000E+00 0.0000E+00 1.7425E+13
 1.7434E+13 1.7437E+13 1.7435E+13 1.9545E+12 9.7167E+11 9.7145E+11
 5.8330E+11 5.8285E+11 6.3516E+11 6.3516E+11 7.5462E+11 7.5465E+11
 7.4143E+11 7.4143E+11 6.6153E+11 6.6151E+11 7.1208E+11 7.1210E+11
 2.3409E+11 4.6820E+11 7.0228E+11 6.6675E+11 6.6673E+11 6.9229E+11
 6.9231E+11 7.6140E+11 7.6145E+11 1.7340E+12 1.9977E+12 2.2704E+12
 1.3525E+12 1.3526E+12 1.5701E+12 1.5702E+12 1.8296E+12 1.8296E+12
 1.4859E+12 3.7164E+11 3.7154E+11 7.4303E+11 1.4861E+12 2.2662E+12
 2.2662E+12 2.5160E+12 2.5159E+12 2.8467E+12 2.8467E+12 2.8809E+12
 2.8806E+12 3.2883E+12 3.2884E+12 3.1822E+12 3.1826E+12 3.8673E+12
 3.8676E+12 6.3997E+12 2.9842E+12 4.1778E+12 3.6422E+12 3.6422E+12
 3.5632E+12 3.5632E+12 4.2413E+12 4.2415E+12 4.3307E+12 4.3308E+12
 3.7016E+12 3.7013E+12 3.2205E+12 3.2203E+12 5.7888E+12 4.3706E+12
 2.8117E+12 2.8119E+12 5.7863E+12 5.6795E+12 4.5889E+11 1.6988E+11
 3.5981E+11 9.8829E+11 1.9765E+12 4.4948E+12 1.9790E+12 1.9787E+12
 1.8889E+12 1.8887E+12 1.5755E+12 1.5755E+12 1.8494E+12 1.8496E+12
 1.6663E+12 1.6661E+12 1.5075E+12 1.5071E+12 1.8357E+12 1.8358E+12
 1.5327E+12 1.5329E+12 3.1044E+12 3.1042E+12 1.3347E+12 1.0425E+12
 2.7745E+12 1.8733E+12 3.6403E+12 1.5601E+12 2.6962E+12 2.6962E+12
 2.9851E+12 1.2793E+12 2.6916E+12 1.3191E+12 8.6556E+11 1.2191E+12
 4.7979E+11 4.7972E+11 1.4391E+12 2.3986E+12 4.2832E+12 4.2052E+12
 1.5345E+12 2.3019E+12 3.3354E+12 3.9855E+12 3.9428E+12 2.3773E+12
 1.5849E+12 1.5279E+12 1.5279E+12 7.6395E+11 7.3454E+11 1.4691E+12
 1.4690E+12 3.5420E+12 3.4904E+12 3.0526E+12 3.2024E+12 3.1974E+12
 3.1428E+12 3.0823E+12 3.0419E+12 2.9792E+12 2.9106E+12 2.7767E+12
 2.7712E+12 2.6881E+12 2.6024E+12 2.5193E+12 2.3227E+12 2.2988E+12
 2.2245E+12 2.1368E+12 2.0448E+12 1.9467E+12 1.8551E+12 1.7619E+12
 1.6686E+12 1.5762E+12 1.4849E+12 1.3953E+12 1.3076E+12 1.2218E+12
 1.1371E+12 1.0554E+12 9.7660E+11 9.0025E+11 8.2543E+11 9.4861E+11
 6.1496E+12
 1.00
 EEF FW NORM. 1MW/M2 VIT-J TOT=4.277E+14
