 5.50000E7  5.40000E7  5.30000E7  5.20000E7  5.10000E7  5.00000E7  4.90000E7  4.80000E7  4.70000E7  4.60000E7 
 4.50000E7  4.40000E7  4.30000E7  4.20000E7  4.10000E7  4.00000E7  3.90000E7  3.80000E7  3.70000E7  3.60000E7 
 3.50000E7  3.40000E7  3.30000E7  3.20000E7  3.10000E7  3.00000E7  2.90000E7  2.80000E7  2.70000E7  2.60000E7 
 2.50000E7  2.40000E7  2.30000E7  2.20000E7  2.10000E7  2.00000E7  1.96403E7  1.73325E7  1.69046E7  1.64872E7 
 1.56831E7  1.49182E7  1.45499E7  1.41907E7  1.38403E7  1.34986E7  1.28403E7  1.25232E7  1.22140E7  1.16183E7 
 1.10517E7  1.05127E7  1.00000E7  9.51229E6  9.04837E6  8.60708E6  8.18731E6  7.78801E6  7.40818E6  7.04688E6 
 6.70320E6  6.59241E6  6.37628E6  6.06531E6  5.76950E6  5.48812E6  5.22046E6  4.96585E6  4.72367E6  4.49329E6 
 4.06570E6  3.67879E6  3.32871E6  3.16637E6  3.01194E6  2.86505E6  2.72532E6  2.59240E6  2.46597E6  2.38513E6 
 2.36533E6  2.34570E6  2.30693E6  2.23130E6  2.12248E6  2.01897E6  1.92050E6  1.82684E6  1.73774E6  1.65299E6 
 1.57237E6  1.49569E6  1.42274E6  1.35335E6  1.28735E6  1.22456E6  1.16484E6  1.10803E6  1.00259E6  9.61672E5 
 9.07180E5  8.62936E5  8.20850E5  7.80817E5  7.42736E5  7.06512E5  6.72055E5  6.39279E5  6.08101E5  5.78443E5 
 5.50232E5  5.23397E5  4.97871E5  4.50492E5  4.07622E5  3.87742E5  3.68832E5  3.33733E5  3.01974E5  2.98491E5 
 2.97211E5  2.94518E5  2.87246E5  2.73237E5  2.47235E5  2.35177E5  2.23708E5  2.12797E5  2.02419E5  1.92547E5 
 1.83156E5  1.74224E5  1.65727E5  1.57644E5  1.49956E5  1.42642E5  1.35686E5  1.29068E5  1.22773E5  1.16786E5 
 1.11090E5  9.80365E4  8.65170E4  8.25034E4  7.94987E4  7.20245E4  6.73795E4  5.65622E4  5.24752E4  4.63092E4 
 4.08677E4  3.43067E4  3.18278E4  2.85011E4  2.70001E4  2.60584E4  2.47875E4  2.41755E4  2.35786E4  2.18749E4 
 1.93045E4  1.50344E4  1.17088E4  1.05946E4  9.11882E3  7.10174E3  5.53084E3  4.30742E3  3.70744E3  3.35463E3 
 3.03539E3  2.74654E3  2.61259E3  2.48517E3  2.24867E3  2.03468E3  1.58461E3  1.23410E3  9.61117E2  7.48518E2 
 5.82947E2  4.53999E2  3.53575E2  2.75364E2  2.14454E2  1.67017E2  1.30073E2  1.01301E2  7.88932E1  6.14421E1 
 4.78512E1  3.72665E1  2.90232E1  2.26033E1  1.76035E1  1.37096E1  1.06770E1  8.31529    6.47595    5.04348 
 3.92786    3.05902    2.38237    1.85539    1.44498    1.12535    8.76425E-1 6.82560E-1 5.31579E-1 4.13994E-1 
 1.00001E-1 1.0E-5
 0.00000E+00
 0.00000E+00
 0.00000E+00
 0.00000E+00
 0.00000E+00
 0.00000E+00
 0.00000E+00
 0.00000E+00
 0.00000E+00
 0.00000E+00
 0.00000E+00
 0.00000E+00
 0.00000E+00
 0.00000E+00
 0.00000E+00
 3.82211E+14
 3.74865E+14
 3.67797E+14
 3.60073E+14
 3.52667E+14
 3.45140E+14
 3.37525E+14
 3.30238E+14
 3.22325E+14
 3.14782E+14
 3.07040E+14
 2.99152E+14
 2.91659E+14
 2.83344E+14
 2.75490E+14
 2.67417E+14
 2.59199E+14
 2.51471E+14
 2.42747E+14
 2.34608E+14
 8.24079E+13
 5.02287E+14
 8.81894E+13
 8.44735E+13
 1.58496E+14
 1.45424E+14
 6.81632E+13
 6.53029E+13
 6.26222E+13
 5.99616E+13
 1.12560E+14
 5.27811E+13
 5.05668E+13
 9.49626E+13
 8.71919E+13
 8.01377E+13
 7.36446E+13
 6.76908E+13
 6.22292E+13
 5.72342E+13
 5.26031E+13
 4.84697E+13
 4.45112E+13
 4.09908E+13
 3.77756E+13
 1.19124E+13
 2.28767E+13
 3.20249E+13
 2.95110E+13
 2.71860E+13
 2.50502E+13
 2.30963E+13
 2.12858E+13
 1.96371E+13
 3.48090E+13
 2.96836E+13
 2.53195E+13
 1.12293E+13
 1.03705E+13
 9.58402E+12
 8.85989E+12
 8.18882E+12
 7.57604E+12
 4.72328E+12
 1.14222E+12
 1.12683E+12
 2.20940E+12
 4.24959E+12
 5.97180E+12
 5.52967E+12
 5.12535E+12
 4.74758E+12
 4.40471E+12
 4.08516E+12
 3.78929E+12
 3.51728E+12
 3.26683E+12
 3.03507E+12
 2.81991E+12
 2.62181E+12
 2.43930E+12
 2.27023E+12
 4.08468E+12
 0.00000E+00
 0.00000E+00
 0.00000E+00
 0.00000E+00
 0.00000E+00
 0.00000E+00
 0.00000E+00
 0.00000E+00
 0.00000E+00
 0.00000E+00
 0.00000E+00
 0.00000E+00
 0.00000E+00
 0.00000E+00
 0.00000E+00
 0.00000E+00
 0.00000E+00
 0.00000E+00
 0.00000E+00
 0.00000E+00
 0.00000E+00
 0.00000E+00
 0.00000E+00
 0.00000E+00
 0.00000E+00
 0.00000E+00
 0.00000E+00
 0.00000E+00
 0.00000E+00
 0.00000E+00
 0.00000E+00
 0.00000E+00
 0.00000E+00
 0.00000E+00
 0.00000E+00
 0.00000E+00
 0.00000E+00
 0.00000E+00
 0.00000E+00
 0.00000E+00
 0.00000E+00
 0.00000E+00
 0.00000E+00
 0.00000E+00
 0.00000E+00
 0.00000E+00
 0.00000E+00
 0.00000E+00
 0.00000E+00
 0.00000E+00
 0.00000E+00
 0.00000E+00
 0.00000E+00
 0.00000E+00
 0.00000E+00
 0.00000E+00
 0.00000E+00
 0.00000E+00
 0.00000E+00
 0.00000E+00
 0.00000E+00
 0.00000E+00
 0.00000E+00
 0.00000E+00
 0.00000E+00
 0.00000E+00
 0.00000E+00
 0.00000E+00
 0.00000E+00
 0.00000E+00
 0.00000E+00
 0.00000E+00
 0.00000E+00
 0.00000E+00
 0.00000E+00
 0.00000E+00
 0.00000E+00
 0.00000E+00
 0.00000E+00
 0.00000E+00
 0.00000E+00
 0.00000E+00
 0.00000E+00
 0.00000E+00
 0.00000E+00
 0.00000E+00
 0.00000E+00
 0.00000E+00
 0.00000E+00
 0.00000E+00
 0.00000E+00
 0.00000E+00
 0.00000E+00
 0.00000E+00
 0.00000E+00
 0.00000E+00
 0.00000E+00
 0.00000E+00
 0.00000E+00
 0.00000E+00
 0.00000E+00
 0.00000E+00
 0.00000E+00
 0.00000E+00
 0.00000E+00
 0.00000E+00
 0.00000E+00
 0.00000E+00
 0.00000E+00
 0.00000E+00
 0.00000E+00
 0.00000E+00
 0.00000E+00
1.0
 IFMIF 40MeV p on Cu tot=8.90979E+15
