 0.0000E+00  0.0000E+00  5.2296E+13  2.1916E+13  1.8532E+12  2.9921E+12
 2.7472E+12  1.4046E+12  1.3335E+12  2.9075E+12  3.7317E+12  4.9755E+12
 6.7995E+12  4.4582E+12  4.5324E+12  1.0725E+13  1.2338E+13  6.3648E+12
 7.7349E+12  6.3997E+12  7.1620E+12  7.2844E+12  2.4271E+13  7.4029E+12
 6.4408E+12  5.7888E+12  4.3706E+12  1.7089E+13  3.9534E+12  4.4948E+12
 1.0886E+13  1.3717E+13  3.0656E+12  7.6135E+12  5.6201E+12  4.1604E+12
 6.4324E+12  1.7058E+12  4.5904E+12  1.6255E+12  2.4381E+12  7.3671E+12
 1.7133E+12  4.9724E+12  3.0692E+12  2.6683E+12  4.6526E+12  1.5771E+12
 5.5355E+12  7.9242E+11  6.0234E+12  1.4690E+12  4.2401E+12  6.9806E+11
 2.0943E+12  2.4421E+12  1.2510E+12  2.5619E+12  1.2790E+12  5.0612E+12
 2.4658E+12  2.4416E+12  4.7781E+12  3.6243E+12  9.2553E+11  4.4018E+12
 2.0466E+12  1.1277E+12  2.0487E+12  7.5579E+11  6.7181E+11  5.4852E+11
 1.1613E+12  6.9681E+11  9.1953E+11  9.1949E+11  9.0468E+11  8.8979E+11
 8.8980E+11  1.2821E+12  1.6726E+12  1.2269E+12  1.5573E+12  9.4590E+11
 5.5654E+11  7.4205E+11  7.0476E+11  1.3909E+12  9.4555E+11  3.8934E+11
 1.2610E+12  2.0050E+11  1.0057E+12  1.4359E+11  1.0085E+12  9.7472E+10
 2.5183E+11  1.0838E+11  4.2885E+11  5.3632E+11  7.4192E+10  2.0315E+11
 2.3839E+11  2.4692E+11  2.3115E+11  2.4263E+11  2.3991E+11  2.8477E+11
 8.2140E+10  1.0049E+11  2.4236E+11  1.0920E+11  1.2935E+11  2.3330E+11
 2.4592E+11  7.8422E+10  9.8553E+10  5.7980E+10  4.9734E+10  1.0126E+11
 1.0375E+11  4.0593E+10  6.1631E+10  1.0052E+11  4.2600E+10  6.0372E+10
 9.6649E+10  8.9825E+10  9.1778E+10  2.3261E+11  4.5689E+10  2.8596E+11
 4.9764E+10  3.9492E+11  4.4361E+11  5.2641E+11  2.5881E+11  1.0057E+11
 3.7445E+11  1.7116E+11  1.5195E+10  7.3966E+10  5.9836E+10  1.1576E+10
 3.1517E+10  4.6068E+10  8.1035E+10  7.9994E+10  1.0141E+11  3.2578E+10
 7.8646E+10  8.9161E+10  2.9248E+10  1.0210E+11  9.3315E+10  3.4254E+10
 1.1474E+11  2.5520E+10  9.2883E+10  9.6313E+10  9.9098E+10  1.1641E+11
 1.2173E+11  1.0292E+11  1.2173E+11  1.4899E+11  1.9208E+11  2.7072E+11
 2.4775E+11  2.1505E+11  3.4107E+11  3.8083E+12
 1.00
 EEF FW NORM. 1MW/M2 XMAS TOT=4.277E+14
