  0.0000E+00  0.0000E+00  0.0000E+00  0.0000E+00  0.0000E+00  0.0000E+00
  0.0000E+00  0.0000E+00  0.0000E+00  0.0000E+00  0.0000E+00  0.0000E+00
  0.0000E+00  0.0000E+00  0.0000E+00  0.0000E+00  0.0000E+00  0.0000E+00
  0.0000E+00  0.0000E+00  0.0000E+00  0.0000E+00  0.0000E+00  0.0000E+00
  0.0000E+00  0.0000E+00  0.0000E+00  0.0000E+00  0.0000E+00  0.0000E+00
  0.0000E+00  0.0000E+00  0.0000E+00  0.0000E+00  1.8376E+15  1.6500E+15
  6.0619E+14  5.7500E+14  5.4291E+14  5.1067E+14  4.7736E+14  2.1559E+14
  2.1726E+14  2.2018E+14  1.9941E+14  1.9293E+14  1.8326E+14  1.7343E+14
  1.6475E+14  1.5610E+14  1.4627E+14  2.7351E+13  2.7914E+13  2.7205E+13
  2.6766E+13  2.6819E+13  2.5725E+13  2.6240E+13  2.4756E+13  2.5352E+13
  2.4065E+13  2.4543E+13  2.3246E+13  2.3663E+13  2.2462E+13  2.2666E+13
  2.1900E+13  2.1922E+13  2.1151E+13  2.0505E+13  2.0458E+13  2.0009E+13
  1.9325E+13  1.9082E+13  1.8754E+13  1.8117E+13  1.7627E+13  1.7244E+13
  1.6521E+13  1.6193E+13  1.6148E+13  9.4240E+12  9.7330E+12  9.4203E+12
  8.8850E+12  9.2082E+12  8.8712E+12  8.5826E+12  8.4042E+12  8.1581E+12
  7.9270E+12  7.7397E+12  7.5459E+12  7.3832E+12  7.0809E+12  6.8941E+12
  6.6391E+12  6.4344E+12  6.2562E+12  5.9987E+12  5.8099E+12  5.5410E+12
  5.3270E+12  5.0975E+12  4.7748E+12  0.0000E+00  0.0000E+00  0.0000E+00
  0.0000E+00  0.0000E+00  0.0000E+00  0.0000E+00  0.0000E+00  0.0000E+00
  0.0000E+00  0.0000E+00  0.0000E+00  0.0000E+00  0.0000E+00  0.0000E+00
  0.0000E+00  0.0000E+00  0.0000E+00  0.0000E+00  0.0000E+00  0.0000E+00
  0.0000E+00  0.0000E+00  0.0000E+00  0.0000E+00  0.0000E+00  0.0000E+00
  0.0000E+00  0.0000E+00  0.0000E+00  0.0000E+00  0.0000E+00  0.0000E+00
  0.0000E+00  0.0000E+00  0.0000E+00  0.0000E+00  0.0000E+00  0.0000E+00
  0.0000E+00  0.0000E+00  0.0000E+00  0.0000E+00  0.0000E+00  0.0000E+00
  0.0000E+00  0.0000E+00  0.0000E+00  0.0000E+00  0.0000E+00  0.0000E+00
  0.0000E+00  0.0000E+00  0.0000E+00  0.0000E+00  0.0000E+00  0.0000E+00
 1.000
IFMIF 40MeV d on Cu tot=8.90979E+15                                                                 
